0 6
1 5
2 2
3 5
4 4
5 4
6 6
7 4
8 3
9 5
10 3
11 3
12 5
13 3
14 5
15 4
16 7
17 3
18 4
19 1
20 4
21 6
22 6
23 4
24 4
25 6
26 6
27 2
28 5
29 4
30 2
31 5
32 3
33 2
34 6
35 5
36 4
37 2
38 5
39 5
40 4
41 4
42 5
43 2
44 1
45 5
46 2
47 3
48 6
49 5
50 6
51 4
52 7
53 3
54 4
55 2
56 5
57 7
58 4
59 5
60 3
61 5
62 4
63 4
64 5
65 6
66 7
67 4
68 6
69 4
70 8
71 6
72 4
73 5
74 5
75 6
76 6
77 6
78 4
79 4
80 1
81 7
82 5
83 6
84 5
85 4
86 6
87 6
88 5
89 5
90 6
91 4
92 6
93 4
94 7
95 4
96 4
97 2
98 6
99 5
100 5
101 2
102 4
103 2
104 2
105 7
106 6
107 7
108 5
109 7
110 3
111 4
112 2
113 2
114 3
115 2
116 4
117 5
118 3
119 3
120 3
121 5
122 4
123 4
124 6
125 4
126 3
127 7
128 2
129 6
130 4
131 5
132 3
133 4
134 4
135 2
136 5
137 5
138 3
139 6
140 5
141 4
142 4
143 3
144 4
145 3
146 4
147 3
148 5
149 4
150 3
151 2
152 5
153 4
154 4
155 4
156 8
157 7
158 6
159 8
160 5
161 7
162 6
163 2
164 7
165 6
166 2
167 4
168 6
169 4
170 5
171 6
172 3
173 1
174 2
175 6
176 4
177 6
178 3
179 3
180 6
181 4
182 4
183 5
184 3
185 5
186 5
187 3
188 2
189 4
190 4
191 5
192 5
193 3
194 5
195 2
196 3
197 4
198 4
199 3
200 5
201 2
202 3
203 5
204 4
205 5
206 2
207 4
208 5
209 4
210 4
211 4
212 2
213 6
214 6
215 2
216 5
217 5
218 1
219 5
220 5
221 5
222 4
223 3
224 5
225 6
226 5
227 9
228 2
229 2
230 8
231 9
232 4
233 3
234 3
235 3
236 5
237 3
238 3
239 5
240 5
241 4
242 2
243 4
244 7
245 4
246 3
247 3
248 3
249 6
250 3
251 2
252 3
253 3
254 5
255 6
256 6
257 1
258 3
259 4
260 4
261 1
262 5
263 3
264 4
265 2
266 6
267 5
268 4
269 6
270 2
271 5
272 4
273 4
274 5
275 5
276 9
277 5
278 10
279 5
280 5
281 5
282 4
283 4
284 2
285 4
286 4
287 6
288 3
289 0
290 4
291 7
292 3
293 4
294 5
295 7
296 5
297 2
298 6
299 3
300 6
301 3
302 5
303 5
304 4
305 4
306 6
307 5
308 7
309 6
310 3
311 4
312 3
313 3
314 8
315 2
316 3
317 3
318 5
319 4
320 1
321 2
322 4
323 1
324 4
325 5
326 4
327 1
328 6
329 4
330 4
331 6
332 5
333 1
334 4
335 3
336 4
337 2
338 4
339 5
340 7
341 8
342 4
343 3
344 5
345 4
346 4
347 4
348 6
349 5
350 6
351 5
352 5
353 4
354 6
355 2
356 5
357 5
358 3
359 5
360 5
361 5
362 2
363 7
364 4
365 3
366 4
367 3
368 4
369 5
370 4
371 6
372 4
373 3
374 5
375 4
376 3
377 4
378 2
379 3
380 6
381 4
382 2
383 6
384 4
385 6
386 1
387 4
388 6
389 4
390 5
391 5
392 2
393 5
394 3
395 5
396 2
397 6
398 2
399 0
400 2
401 3
402 6
403 6
404 3
405 4
406 3
407 4
408 4
409 1
410 5
411 5
412 4
413 4
414 3
415 5
416 7
417 8
418 4
419 5
420 3
421 5
422 2
423 6
424 5
425 5
426 4
427 5
428 5
429 6
430 7
431 2
432 3
433 4
434 4
435 4
436 4
437 2
438 4
439 8
440 3
441 5
442 7
443 6
444 6
445 4
446 3
447 5
448 1
449 3
450 4
451 4
452 4
453 5
454 3
455 7
456 4
457 4
458 5
459 4
460 4
461 4
462 4
463 6
464 7
465 3
466 7
467 3
468 6
469 5
470 3
471 2
472 4
473 5
474 4
475 5
476 5
477 5
478 6
479 6
480 3
481 5
482 4
483 2
484 3
485 5
486 7
487 7
488 7
489 4
490 6
491 5
492 5
493 5
494 3
495 3
496 3
497 5
498 4
499 5
500 2
501 2
502 3
503 4
504 4
505 5
506 4
507 2
508 5
509 5
510 3
511 5
512 3
513 4
514 5
515 5
516 4
517 6
518 5
519 6
520 6
521 3
522 4
523 3
524 3
525 3
526 5
527 7
528 4
529 4
530 6
531 5
532 6
533 5
534 4
535 5
536 4
537 4
538 9
539 4
540 3
541 5
542 2
543 4
544 4
545 1
546 4
547 6
548 3
549 4
550 3
551 3
552 4
553 6
554 5
555 7
556 5
557 5
558 3
559 3
560 4
561 4
562 1
563 5
564 4
565 4
566 5
567 4
568 3
569 4
570 6
571 3
572 5
573 3
574 2
575 3
576 5
577 5
578 3
579 5
580 6
581 3
582 6
583 3
584 2
585 1
586 3
587 2
588 5
589 1
590 6
591 2
592 2
593 3
594 3
595 4
596 5
597 4
598 1
599 4
600 4
601 6
602 4
603 5
604 7
605 3
606 3
607 2
608 5
609 3
610 5
611 7
612 5
613 7
614 3
615 4
616 4
617 6
618 5
619 4
620 4
621 6
622 4
623 3
624 5
625 4
626 3
627 5
628 6
629 2
630 6
631 5
632 3
633 6
634 4
635 4
636 4
637 5
638 2
639 7
640 5
641 4
642 3
643 4
644 5
645 3
646 4
647 2
648 4
649 3
650 4
651 4
652 4
653 4
654 4
655 6
656 3
657 5
658 5
659 5
660 5
661 4
662 4
663 5
664 6
665 6
666 4
667 5
668 3
669 5
670 6
671 5
672 1
673 4
674 3
675 2
676 3
677 7
678 8
679 5
680 6
681 4
682 3
683 4
684 6
685 3
686 6
687 5
688 4
689 6
690 3
691 4
692 5
693 5
694 7
695 3
696 5
697 4
698 3
699 5
700 9
701 4
702 5
703 4
704 3
705 6
706 3
707 6
708 6
709 4
710 3
711 2
712 4
713 6
714 5
715 4
716 2
717 6
718 5
719 4
720 3
721 2
722 6
723 2
724 2
725 5
726 2
727 3
728 6
729 3
730 5
731 4
732 3
733 7
734 7
735 1
736 3
737 5
738 6
739 5
740 5
741 3
742 3
743 4
744 4
745 4
746 4
747 6
748 8
749 4
750 5
751 7
752 5
753 3
754 5
755 5
756 5
757 2
758 4
759 4
760 3
761 4
762 6
763 2
764 5
765 5
766 5
767 4
768 6
769 4
770 6
771 3
772 5
773 5
774 5
775 4
776 7
777 3
778 1
779 5
780 1
781 3
782 5
783 4
784 3
785 6
786 7
787 2
788 7
789 0
790 2
791 2
792 7
793 4
794 4
795 4
796 6
797 6
798 5
799 4
800 5
801 4
802 4
803 4
804 5
805 4
806 3
807 6
808 6
809 6
810 6
811 5
812 3
813 7
814 3
815 5
816 5
817 6
818 3
819 3
820 3
821 4
822 3
823 3
824 6
825 4
826 3
827 4
828 3
829 2
830 4
831 5
832 4
833 2
834 5
835 1
836 9
837 3
838 4
839 4
840 7
841 4
842 4
843 6
844 6
845 2
846 4
847 7
848 4
849 5
850 5
851 4
852 4
853 4
854 4
855 7
856 7
857 4
858 6
859 5
860 4
861 3
862 5
863 3
864 5
865 3
866 6
867 6
868 6
869 3
870 6
871 7
872 2
873 3
874 4
875 6
876 6
877 3
878 7
879 4
880 4
881 2
882 2
883 3
884 4
885 5
886 4
887 8
888 2
889 2
890 5
891 6
892 6
893 3
894 6
895 8
896 5
897 5
898 3
899 9
900 4
901 5
902 4
903 6
904 2
905 5
906 3
907 3
908 7
909 4
910 5
911 4
912 3
913 5
914 5
915 3
916 5
917 6
918 4
919 8
920 5
921 4
922 3
923 7
924 6
925 3
926 4
927 5
928 6
929 7
930 1
931 6
932 3
933 7
934 6
935 5
936 4
937 6
938 5
939 5
940 4
941 5
942 5
943 1
944 4
945 4
946 3
947 5
948 8
949 3
950 5
951 8
952 5
953 4
954 7
955 3
956 5
957 5
958 2
959 5
960 5
961 8
962 5
963 4
964 5
965 6
966 5
967 5
968 5
969 5
970 6
971 4
972 5
973 4
974 5
975 5
976 6
977 6
978 4
979 5
980 5
981 6
982 1
983 5
984 2
985 4
986 5
987 4
988 5
989 6
990 2
991 6
992 7
993 2
994 5
995 4
996 5
997 3
998 5
999 1
1000 2
1001 4
1002 4
1003 3
1004 3
1005 7
1006 3
1007 3
1008 2
1009 5
1010 5
1011 5
1012 3
1013 3
1014 3
1015 2
1016 5
1017 4
1018 8
1019 3
1020 4
1021 5
1022 7
1023 3
1024 4
1025 2
1026 6
1027 6
1028 4
1029 4
1030 6
1031 4
1032 4
1033 5
1034 5
1035 4
1036 4
1037 1
1038 5
1039 2
1040 4
1041 2
1042 4
1043 3
1044 2
1045 6
1046 6
1047 3
1048 3
1049 4
1050 11
1051 3
1052 5
1053 4
1054 7
1055 5
1056 5
1057 6
1058 7
1059 4
1060 2
1061 1
1062 6
1063 4
1064 2
1065 5
1066 5
1067 3
1068 5
1069 4
1070 6
1071 5
1072 7
1073 6
1074 6
1075 4
1076 2
1077 4
1078 5
1079 2
1080 3
1081 5
1082 4
1083 2
1084 5
1085 3
1086 6
1087 5
1088 3
1089 5
1090 2
1091 2
1092 3
1093 4
1094 5
1095 7
1096 3
1097 5
1098 5
1099 4
1100 5
1101 4
1102 4
1103 4
1104 6
1105 4
1106 5
1107 5
1108 3
1109 2
1110 5
1111 3
1112 5
1113 5
1114 6
1115 3
1116 3
1117 4
1118 4
1119 4
1120 6
1121 3
1122 5
1123 5
1124 3
1125 3
1126 4
1127 6
1128 6
1129 2
1130 5
1131 1
1132 4
1133 7
1134 6
1135 5
1136 6
1137 5
1138 8
1139 6
1140 5
1141 4
1142 5
1143 4
1144 3
1145 2
1146 6
1147 4
1148 4
1149 7
1150 7
1151 4
1152 1
1153 4
1154 4
1155 4
1156 3
1157 5
1158 3
1159 3
1160 3
1161 4
1162 1
1163 4
1164 5
1165 3
1166 5
1167 5
1168 2
1169 7
1170 6
1171 5
1172 6
1173 4
1174 7
1175 6
1176 5
1177 4
1178 5
1179 6
1180 4
1181 6
1182 1
1183 6
1184 5
1185 2
1186 6
1187 6
1188 4
1189 4
1190 1
1191 6
1192 4
1193 4
1194 5
1195 5
1196 6
1197 7
1198 6
1199 5
1200 5
1201 4
1202 4
1203 4
1204 4
1205 3
1206 6
1207 3
1208 5
1209 3
1210 6
1211 5
1212 3
1213 8
1214 4
1215 7
1216 2
1217 4
1218 10
1219 3
1220 3
1221 3
1222 5
1223 5
1224 3
1225 6
1226 4
1227 1
1228 3
1229 3
1230 4
1231 3
1232 6
1233 5
1234 3
1235 2
1236 4
1237 6
1238 5
1239 5
1240 4
1241 6
1242 3
1243 2
1244 3
1245 5
1246 3
1247 7
1248 2
1249 6
1250 5
1251 9
1252 3
1253 4
1254 5
1255 4
1256 7
1257 8
1258 3
1259 4
1260 4
1261 4
1262 3
1263 3
1264 5
1265 3
1266 3
1267 2
1268 3
1269 3
1270 6
1271 3
1272 4
1273 5
1274 3
1275 4
1276 4
1277 6
1278 5
1279 4
1280 6
1281 5
1282 4
1283 1
1284 5
1285 5
1286 7
1287 5
1288 4
1289 2
1290 3
1291 5
1292 4
1293 4
1294 1
1295 4
1296 4
1297 5
1298 4
1299 3
1300 6
1301 3
1302 7
1303 5
1304 6
1305 2
1306 4
1307 4
1308 7
1309 6
1310 4
1311 5
1312 5
1313 7
1314 2
1315 4
1316 3
1317 4
1318 4
1319 5
1320 5
1321 4
1322 1
1323 4
1324 4
1325 3
1326 3
1327 4
1328 2
1329 4
1330 5
1331 5
1332 4
1333 4
1334 5
1335 5
1336 4
1337 4
1338 7
1339 1
1340 1
1341 10
1342 3
1343 4
1344 6
1345 6
1346 4
1347 5
1348 3
1349 5
1350 5
1351 2
1352 1
1353 3
1354 6
1355 6
1356 3
1357 3
1358 1
1359 6
1360 3
1361 4
1362 4
1363 6
1364 6
1365 5
1366 4
1367 5
1368 6
1369 5
1370 3
1371 4
1372 3
1373 7
1374 7
1375 5
1376 4
1377 5
1378 6
1379 6
1380 3
1381 3
1382 5
1383 4
1384 3
1385 3
1386 4
1387 6
1388 5
1389 3
1390 3
1391 4
1392 4
1393 3
1394 3
1395 2
1396 3
1397 6
1398 1
1399 2
1400 6
1401 4
1402 5
1403 6
1404 2
1405 2
1406 4
1407 2
1408 6
1409 8
1410 4
1411 3
1412 5
1413 6
1414 4
1415 6
1416 6
1417 2
1418 4
1419 6
1420 5
1421 3
1422 4
1423 4
1424 9
1425 5
1426 5
1427 3
1428 5
1429 4
1430 4
1431 4
1432 7
1433 5
1434 4
1435 4
1436 4
1437 3
1438 5
1439 4
1440 5
1441 5
1442 2
1443 5
1444 5
1445 4
1446 6
1447 3
1448 6
1449 6
1450 1
1451 4
1452 4
1453 5
1454 6
1455 5
1456 4
1457 6
1458 4
1459 3
1460 5
1461 5
1462 4
1463 2
1464 8
1465 5
1466 5
1467 4
1468 4
1469 5
1470 3
1471 5
1472 3
1473 4
1474 3
1475 5
1476 5
1477 4
1478 6
1479 2
1480 5
1481 5
1482 4
1483 6
1484 4
1485 4
1486 3
1487 4
1488 3
1489 4
1490 2
1491 3
1492 3
1493 4
1494 5
1495 5
1496 5
1497 3
1498 6
1499 4
1500 4
1501 6
1502 3
1503 4
1504 3
1505 6
1506 6
1507 4
1508 3
1509 5
1510 6
1511 6
1512 5
1513 2
1514 4
1515 7
1516 2
1517 6
1518 2
1519 3
1520 4
1521 6
1522 3
1523 6
1524 4
1525 11
1526 4
1527 5
1528 2
1529 6
1530 4
1531 5
1532 3
1533 5
1534 4
1535 4
1536 2
1537 3
1538 4
1539 5
1540 3
1541 3
1542 6
1543 7
1544 5
1545 5
1546 3
1547 7
1548 6
1549 4
1550 4
1551 4
1552 4
1553 7
1554 7
1555 1
1556 6
1557 3
1558 3
1559 3
1560 3
1561 3
1562 6
1563 5
1564 4
1565 4
1566 5
1567 4
1568 4
1569 5
1570 2
1571 5
1572 6
1573 5
1574 4
1575 4
1576 4
1577 9
1578 5
1579 5
1580 3
1581 4
1582 5
1583 4
1584 6
1585 2
1586 4
1587 5
1588 6
1589 4
1590 4
1591 5
1592 4
1593 5
1594 3
1595 3
1596 7
1597 4
1598 3
1599 3
1600 4
1601 3
1602 6
1603 5
1604 3
1605 5
1606 5
1607 6
1608 4
1609 3
1610 5
1611 4
1612 4
1613 4
1614 4
1615 5
1616 3
1617 7
1618 5
1619 5
1620 4
1621 1
1622 4
1623 6
1624 6
1625 3
1626 3
1627 2
1628 4
1629 2
1630 5
1631 6
1632 1
1633 5
1634 6
1635 3
1636 4
1637 4
1638 4
1639 3
1640 5
1641 2
1642 4
1643 7
1644 6
1645 4
1646 4
1647 2
1648 1
1649 3
1650 5
1651 5
1652 2
1653 6
1654 5
1655 3
1656 2
1657 6
1658 4
1659 4
1660 3
1661 3
1662 4
1663 3
1664 6
1665 5
1666 7
1667 4
1668 3
1669 2
1670 4
1671 4
1672 2
1673 7
1674 3
1675 5
1676 4
1677 7
1678 6
1679 5
1680 6
1681 4
1682 4
1683 6
1684 5
1685 3
1686 4
1687 3
1688 3
1689 6
1690 6
1691 6
1692 6
1693 2
1694 2
1695 2
1696 3
1697 3
1698 5
1699 2
1700 1
1701 6
1702 3
1703 7
1704 4
1705 5
1706 5
1707 3
1708 6
1709 5
1710 4
1711 7
1712 2
1713 7
1714 6
1715 5
1716 3
1717 4
1718 1
1719 4
1720 6
1721 6
1722 4
1723 3
1724 6
1725 3
1726 7
1727 8
1728 7
1729 2
1730 1
1731 3
1732 5
1733 6
1734 1
1735 5
1736 2
1737 3
1738 5
1739 5
1740 3
1741 4
1742 5
1743 4
1744 3
1745 8
1746 1
1747 3
1748 4
1749 5
1750 5
1751 6
1752 3
1753 6
1754 4
1755 5
1756 7
1757 5
1758 7
1759 4
1760 4
1761 4
1762 5
1763 5
1764 7
1765 5
1766 4
1767 4
1768 6
1769 4
1770 5
1771 8
1772 4
1773 7
1774 5
1775 6
1776 4
1777 4
1778 5
1779 7
1780 4
1781 3
1782 1
1783 3
1784 3
1785 6
1786 3
1787 5
1788 6
1789 2
1790 3
1791 5
1792 4
1793 5
1794 5
1795 3
1796 4
1797 4
1798 3
1799 2
1800 5
1801 6
1802 5
1803 8
1804 4
1805 4
1806 4
1807 5
1808 7
1809 4
1810 2
1811 5
1812 5
1813 3
1814 4
1815 3
1816 5
1817 1
1818 4
1819 5
1820 5
1821 6
1822 3
1823 3
1824 3
1825 3
1826 8
1827 5
1828 4
1829 6
1830 3
1831 3
1832 4
1833 2
1834 5
1835 2
1836 3
1837 4
1838 5
1839 7
1840 5
1841 9
1842 6
1843 1
1844 7
1845 5
1846 2
1847 3
1848 5
1849 2
1850 3
1851 7
1852 2
1853 8
1854 6
1855 3
1856 2
1857 5
1858 3
1859 4
1860 4
1861 2
1862 4
1863 3
1864 5
1865 2
1866 5
1867 4
1868 3
1869 7
1870 6
1871 2
1872 3
1873 6
1874 8
1875 3
1876 4
1877 1
1878 4
1879 6
1880 6
1881 3
1882 5
1883 5
1884 7
1885 4
1886 5
1887 6
1888 5
1889 5
1890 4
1891 5
1892 6
1893 2
1894 6
1895 3
1896 5
1897 3
1898 2
1899 3
1900 5
1901 6
1902 1
1903 8
1904 5
1905 3
1906 6
1907 3
1908 5
1909 4
1910 5
1911 4
1912 5
1913 5
1914 7
1915 5
1916 4
1917 5
1918 3
1919 4
1920 4
1921 4
1922 5
1923 3
1924 3
1925 3
1926 6
1927 7
1928 6
1929 6
1930 4
1931 4
1932 6
1933 4
1934 7
1935 3
1936 4
1937 5
1938 3
1939 6
1940 4
1941 4
1942 5
1943 5
1944 6
1945 4
1946 6
1947 4
1948 4
1949 4
1950 5
1951 7
1952 3
1953 2
1954 2
1955 4
1956 5
1957 3
1958 5
1959 8
1960 5
1961 1
1962 4
1963 4
1964 5
1965 5
1966 4
1967 1
1968 6
1969 6
1970 5
1971 4
1972 6
1973 6
1974 4
1975 6
1976 5
1977 4
1978 5
1979 5
1980 5
1981 8
1982 6
1983 4
1984 5
1985 1
1986 2
1987 5
1988 5
1989 5
1990 5
1991 4
1992 4
1993 7
1994 6
1995 5
1996 5
1997 6
1998 3
1999 6
2000 4
2001 4
2002 5
2003 4
2004 7
2005 6
2006 6
2007 6
2008 3
2009 2
2010 3
2011 8
2012 4
2013 2
2014 6
2015 4
2016 5
2017 4
2018 8
2019 5
2020 6
2021 4
2022 3
2023 3
2024 5
2025 7
2026 3
2027 3
2028 2
2029 4
2030 6
2031 2
2032 6
2033 6
2034 2
2035 6
2036 5
2037 4
2038 7
2039 7
2040 5
2041 6
2042 6
2043 4
2044 5
2045 4
2046 2
2047 4
2048 5
2049 2
2050 6
2051 6
2052 5
2053 2
2054 6
2055 4
2056 5
2057 5
2058 6
2059 5
2060 5
2061 5
2062 6
2063 4
2064 4
2065 4
2066 4
2067 3
2068 5
2069 5
2070 3
2071 6
2072 3
2073 5
2074 5
2075 5
2076 2
2077 4
2078 6
2079 2
2080 4
2081 2
2082 7
2083 4
2084 3
2085 3
2086 6
2087 4
2088 5
2089 5
2090 6
2091 5
2092 5
2093 3
2094 5
2095 5
2096 7
2097 4
2098 3
2099 3
2100 6
2101 4
2102 6
2103 3
2104 3
2105 4
2106 5
2107 4
2108 6
2109 5
2110 6
2111 4
2112 3
2113 5
2114 6
2115 6
2116 4
2117 4
2118 5
2119 6
2120 4
2121 5
2122 6
2123 7
2124 3
2125 4
2126 6
2127 5
2128 4
2129 1
2130 5
2131 3
2132 7
2133 3
2134 6
2135 2
2136 7
2137 6
2138 4
2139 7
2140 5
2141 6
2142 4
2143 3
2144 5
2145 5
2146 3
2147 6
2148 4
2149 7
2150 5
2151 5
2152 3
2153 4
2154 6
2155 6
2156 6
2157 3
2158 4
2159 3
2160 4
2161 7
2162 7
2163 4
2164 4
2165 3
2166 3
2167 2
2168 5
2169 3
2170 5
2171 4
2172 3
2173 5
2174 4
2175 3
2176 7
2177 3
2178 5
2179 2
2180 3
2181 4
2182 2
2183 3
2184 4
2185 8
2186 6
2187 4
2188 7
2189 1
2190 5
2191 3
2192 3
2193 2
2194 5
2195 9
2196 2
2197 4
2198 2
2199 5
2200 6
2201 5
2202 7
2203 6
2204 5
2205 5
2206 3
2207 5
2208 4
2209 4
2210 3
2211 4
2212 6
2213 5
2214 5
2215 4
2216 7
2217 4
2218 5
2219 6
2220 2
2221 5
2222 7
2223 4
2224 2
2225 6
2226 1
2227 6
2228 2
2229 2
2230 4
2231 6
2232 2
2233 2
2234 3
2235 1
2236 4
2237 4
2238 3
2239 5
2240 5
2241 7
2242 5
2243 1
2244 5
2245 5
2246 4
2247 5
2248 5
2249 4
2250 3
2251 4
2252 3
2253 5
2254 6
2255 4
2256 5
2257 3
2258 2
2259 1
2260 2
2261 5
2262 6
2263 5
2264 5
2265 4
2266 8
2267 3
2268 4
2269 5
2270 6
2271 5
2272 2
2273 4
2274 5
2275 5
2276 3
2277 4
2278 5
2279 5
2280 2
2281 4
2282 3
2283 3
2284 1
2285 6
2286 3
2287 7
2288 4
2289 4
2290 4
2291 3
2292 6
2293 5
2294 4
2295 6
2296 4
2297 6
2298 3
2299 5
2300 8
2301 2
2302 5
2303 2
2304 3
2305 2
2306 3
2307 3
2308 2
2309 3
2310 0
2311 5
2312 6
2313 6
2314 5
2315 4
2316 5
2317 5
2318 4
2319 5
2320 6
2321 4
2322 6
2323 2
2324 2
2325 5
2326 3
2327 7
2328 3
2329 6
2330 5
2331 6
2332 3
2333 4
2334 5
2335 3
2336 6
2337 5
2338 2
2339 2
2340 5
2341 3
2342 6
2343 3
2344 5
2345 4
2346 4
2347 6
2348 5
2349 5
2350 4
2351 3
2352 3
2353 4
2354 5
2355 2
2356 1
2357 4
2358 7
2359 3
2360 7
2361 4
2362 5
2363 5
2364 3
2365 2
2366 4
2367 4
2368 7
2369 5
2370 2
2371 4
2372 6
2373 5
2374 6
2375 2
2376 4
2377 0
2378 5
2379 5
2380 5
2381 3
2382 2
2383 2
2384 0
2385 6
2386 9
2387 4
2388 7
2389 7
2390 6
2391 6
2392 4
2393 5
2394 5
2395 7
2396 5
2397 3
2398 2
2399 3
2400 5
2401 4
2402 3
2403 2
2404 2
2405 6
2406 5
2407 3
2408 4
2409 3
2410 5
2411 3
2412 5
2413 6
2414 3
2415 4
2416 3
2417 6
2418 5
2419 7
2420 4
2421 5
2422 3
2423 5
2424 3
2425 1
2426 3
2427 6
2428 6
2429 5
2430 5
2431 3
2432 3
2433 5
2434 9
2435 3
2436 4
2437 6
2438 5
2439 4
2440 4
2441 5
2442 5
2443 4
2444 4
2445 4
2446 3
2447 5
2448 5
2449 6
2450 5
2451 1
2452 4
2453 2
2454 7
2455 3
2456 2
2457 1
2458 4
2459 7
2460 3
2461 4
2462 4
2463 5
2464 9
2465 4
2466 8
2467 4
2468 5
2469 4
2470 4
2471 3
2472 4
2473 5
2474 6
2475 4
2476 4
2477 4
2478 4
2479 6
2480 6
2481 6
2482 3
2483 5
2484 3
2485 4
2486 6
2487 3
2488 5
2489 4
2490 5
2491 4
2492 3
2493 5
2494 3
2495 5
2496 3
2497 3
2498 4
2499 7
2500 1
2501 4
2502 5
2503 6
2504 4
2505 5
2506 4
2507 6
2508 5
2509 6
2510 6
2511 2
2512 4
2513 4
2514 4
2515 7
2516 3
2517 7
2518 7
2519 3
2520 7
2521 4
2522 5
2523 7
2524 4
2525 4
2526 2
2527 3
2528 5
2529 5
2530 4
2531 2
2532 4
2533 4
2534 7
2535 4
2536 3
2537 4
2538 6
2539 4
2540 3
2541 5
2542 5
2543 5
2544 4
2545 5
2546 6
2547 5
2548 4
2549 4
2550 5
2551 3
2552 4
2553 6
2554 2
2555 3
2556 1
2557 5
2558 4
2559 6
2560 3
2561 3
2562 4
2563 5
2564 6
2565 4
2566 4
2567 3
2568 7
2569 5
2570 5
2571 6
2572 4
2573 6
2574 7
2575 6
2576 2
2577 3
2578 0
2579 5
2580 6
2581 2
2582 6
2583 6
2584 3
2585 4
2586 4
2587 4
2588 6
2589 6
2590 4
2591 5
2592 6
2593 4
2594 5
2595 4
2596 7
2597 6
2598 5
2599 5
2600 4
2601 2
2602 7
2603 4
2604 2
2605 7
2606 3
2607 5
2608 1
2609 6
2610 2
2611 4
2612 2
2613 3
2614 5
2615 5
2616 5
2617 3
2618 4
2619 3
2620 5
2621 5
2622 2
2623 4
2624 4
2625 2
2626 6
2627 4
2628 5
2629 5
2630 4
2631 1
2632 3
2633 4
2634 7
2635 4
2636 2
2637 5
2638 3
2639 6
2640 7
2641 2
2642 3
2643 4
2644 4
2645 4
2646 4
2647 4
2648 6
2649 4
2650 3
2651 3
2652 4
2653 4
2654 5
2655 5
2656 8
2657 4
2658 4
2659 2
2660 4
2661 2
2662 5
2663 5
2664 5
2665 4
2666 0
2667 7
2668 5
2669 5
2670 6
2671 11
2672 7
2673 0
2674 4
2675 4
2676 4
2677 4
2678 5
2679 6
2680 1
2681 2
2682 2
2683 3
2684 6
2685 4
2686 6
2687 4
2688 5
2689 6
2690 2
2691 4
2692 4
2693 4
2694 6
2695 3
2696 5
2697 3
2698 3
2699 3
2700 4
2701 5
2702 3
2703 4
2704 4
2705 3
2706 1
2707 3
2708 4
2709 3
2710 2
2711 3
2712 5
2713 6
2714 4
2715 4
2716 3
2717 3
2718 6
2719 6
2720 4
2721 2
2722 3
2723 4
2724 6
2725 2
2726 3
2727 8
2728 5
2729 6
2730 6
2731 4
2732 4
2733 7
2734 5
2735 3
2736 6
2737 8
2738 3
2739 4
2740 3
2741 5
2742 2
2743 3
2744 6
2745 6
2746 4
2747 6
2748 6
2749 3
2750 5
2751 5
2752 5
2753 6
2754 4
2755 3
2756 2
2757 5
2758 5
2759 4
2760 5
2761 5
2762 6
2763 4
2764 3
2765 2
2766 4
2767 4
2768 3
2769 4
2770 4
2771 5
2772 3
2773 2
2774 3
2775 2
2776 2
2777 3
2778 3
2779 4
2780 3
2781 5
2782 2
2783 3
2784 5
2785 6
2786 7
2787 3
2788 4
2789 4
2790 5
2791 4
2792 6
2793 5
2794 0
2795 2
2796 8
2797 6
2798 3
2799 3
2800 5
2801 4
2802 7
2803 4
2804 1
2805 5
2806 3
2807 3
2808 4
2809 3
2810 2
2811 7
2812 6
2813 6
2814 3
2815 4
2816 4
2817 6
2818 5
2819 2
2820 3
2821 5
2822 2
2823 5
2824 5
2825 1
2826 6
2827 6
2828 5
2829 4
2830 4
2831 3
2832 3
2833 5
2834 2
2835 2
2836 5
2837 4
2838 4
2839 4
2840 5
2841 2
2842 1
2843 5
2844 2
2845 6
2846 4
2847 5
2848 4
2849 4
2850 4
2851 6
2852 4
2853 4
2854 6
2855 5
2856 3
2857 2
2858 5
2859 6
2860 2
2861 6
2862 2
2863 3
2864 1
2865 2
2866 3
2867 4
2868 4
2869 1
2870 6
2871 5
2872 5
2873 7
2874 4
2875 2
2876 5
2877 3
2878 4
2879 6
2880 4
2881 3
2882 4
2883 5
2884 5
2885 3
2886 4
2887 5
2888 4
2889 6
2890 4
2891 6
2892 4
2893 3
2894 4
2895 5
2896 3
2897 3
2898 6
2899 4
2900 1
2901 1
2902 2
2903 6
2904 5
2905 5
2906 5
2907 4
2908 3
2909 2
2910 4
2911 3
2912 1
2913 5
2914 4
2915 5
2916 4
2917 4
2918 2
2919 5
2920 3
2921 4
2922 4
2923 3
2924 3
2925 5
2926 4
2927 3
2928 5
2929 5
2930 3
2931 2
2932 5
2933 3
2934 6
2935 6
2936 4
2937 3
2938 2
2939 4
2940 1
2941 3
2942 4
2943 4
2944 6
2945 5
2946 4
2947 2
2948 5
2949 5
2950 3
2951 3
2952 3
2953 3
2954 5
2955 5
2956 5
2957 5
2958 1
2959 4
2960 5
2961 2
2962 5
2963 4
2964 4
2965 8
2966 5
2967 3
2968 2
2969 3
2970 3
2971 2
2972 4
2973 3
2974 8
2975 4
2976 7
2977 7
2978 6
2979 3
2980 6
2981 5
2982 1
2983 2
2984 4
2985 4
2986 4
2987 2
2988 4
2989 1
2990 4
2991 6
2992 7
2993 2
2994 1
2995 6
2996 3
2997 6
2998 6
2999 5
3000 3
3001 6
3002 5
3003 11
3004 4
3005 5
3006 6
3007 3
3008 5
3009 5
3010 2
3011 4
3012 2
3013 4
3014 5
3015 5
3016 3
3017 4
3018 5
3019 1
3020 4
3021 4
3022 2
3023 4
3024 4
3025 2
3026 5
3027 5
3028 3
3029 4
3030 2
3031 2
3032 3
3033 2
3034 5
3035 3
3036 2
3037 2
3038 5
3039 4
3040 5
3041 4
3042 4
3043 6
3044 2
3045 5
3046 4
3047 2
3048 4
3049 4
3050 4
3051 4
3052 4
3053 4
3054 4
3055 4
3056 6
3057 1
3058 1
3059 2
3060 3
3061 5
3062 7
3063 3
3064 6
3065 4
3066 4
3067 5
3068 5
3069 8
3070 5
3071 7
3072 6
3073 5
3074 6
3075 6
3076 4
3077 6
3078 4
3079 6
3080 2
3081 4
3082 5
3083 5
3084 4
3085 2
3086 2
3087 6
3088 3
3089 7
3090 3
3091 5
3092 4
3093 6
3094 3
3095 5
3096 4
3097 3
3098 6
3099 3
3100 5
3101 6
3102 6
3103 6
3104 2
3105 5
3106 6
3107 2
3108 2
3109 6
3110 5
3111 4
3112 1
3113 2
3114 5
3115 6
3116 3
3117 2
3118 3
3119 5
3120 6
3121 3
3122 6
3123 4
3124 6
3125 4
3126 5
3127 5
3128 5
3129 5
3130 4
3131 3
3132 6
3133 4
3134 6
3135 5
3136 5
3137 5
3138 7
3139 3
3140 7
3141 2
3142 4
3143 7
3144 4
3145 3
3146 3
3147 5
3148 4
3149 5
3150 3
3151 2
3152 6
3153 4
3154 9
3155 8
3156 3
3157 4
3158 3
3159 5
3160 7
3161 4
3162 5
3163 6
3164 4
3165 5
3166 5
3167 4
3168 4
3169 4
3170 4
3171 1
3172 3
3173 4
3174 5
3175 6
3176 2
3177 5
3178 5
3179 2
3180 3
3181 3
3182 5
3183 4
3184 2
3185 1
3186 6
3187 5
3188 6
3189 5
3190 5
3191 5
3192 6
3193 2
3194 3
3195 4
3196 3
3197 7
3198 6
3199 3
3200 3
3201 3
3202 2
3203 2
3204 5
3205 3
3206 1
3207 5
3208 2
3209 2
3210 5
3211 3
3212 7
3213 5
3214 6
3215 3
3216 1
3217 5
3218 2
3219 1
3220 2
3221 5
3222 3
3223 5
3224 5
3225 4
3226 3
3227 4
3228 3
3229 5
3230 3
3231 4
3232 4
3233 4
3234 6
3235 6
3236 2
3237 6
3238 4
3239 4
3240 5
3241 2
3242 4
3243 7
3244 5
3245 5
3246 5
3247 2
3248 5
3249 3
3250 8
3251 2
3252 5
3253 2
3254 5
3255 4
3256 4
3257 5
3258 4
3259 3
3260 5
3261 3
3262 5
3263 2
3264 4
3265 4
3266 4
3267 6
3268 3
3269 7
3270 5
3271 6
3272 3
3273 3
3274 5
3275 4
3276 2
3277 6
3278 6
3279 3
3280 3
3281 5
3282 5
3283 3
3284 5
3285 5
3286 3
3287 4
3288 4
3289 1
3290 5
3291 2
3292 3
3293 4
3294 6
3295 3
3296 4
3297 5
3298 3
3299 2
3300 8
3301 4
3302 6
3303 3
3304 2
3305 5
3306 4
3307 2
3308 5
3309 4
3310 2
3311 4
3312 4
3313 4
3314 4
3315 3
3316 4
3317 4
3318 5
3319 5
3320 6
3321 2
3322 4
3323 6
3324 4
3325 5
3326 4
3327 4
3328 5
3329 4
3330 5
3331 7
3332 6
3333 4
3334 3
3335 2
3336 3
3337 3
3338 5
3339 4
3340 4
3341 4
3342 4
3343 4
3344 4
3345 2
3346 4
3347 5
3348 4
3349 3
3350 2
3351 1
3352 6
3353 2
3354 4
3355 4
3356 5
3357 6
3358 5
3359 5
3360 7
3361 4
3362 6
3363 6
3364 7
3365 6
3366 4
3367 4
3368 4
3369 3
3370 6
3371 7
3372 4
3373 5
3374 4
3375 5
3376 6
3377 4
3378 5
3379 5
3380 3
3381 6
3382 7
3383 4
3384 4
3385 5
3386 6
3387 4
3388 4
3389 5
3390 6
3391 2
3392 7
3393 5
3394 7
3395 5
3396 2
3397 2
3398 5
3399 9
3400 6
3401 3
3402 3
3403 7
3404 6
3405 3
3406 7
3407 4
3408 6
3409 7
3410 6
3411 1
3412 5
3413 5
3414 7
3415 5
3416 6
3417 3
3418 5
3419 7
3420 4
3421 4
3422 4
3423 6
3424 4
3425 4
3426 5
3427 6
3428 5
3429 5
3430 6
3431 4
3432 4
3433 4
3434 3
3435 6
3436 3
3437 5
3438 4
3439 4
3440 3
3441 3
3442 7
3443 6
3444 5
3445 5
3446 2
3447 5
3448 4
3449 5
3450 5
3451 5
3452 4
3453 5
3454 3
3455 3
3456 4
3457 4
3458 4
3459 4
3460 3
3461 5
3462 8
3463 4
3464 3
3465 3
3466 6
3467 4
3468 3
3469 3
3470 1
3471 2
3472 1
3473 5
3474 5
3475 5
3476 3
3477 4
3478 4
3479 3
3480 5
3481 4
3482 3
3483 5
3484 5
3485 3
3486 3
3487 2
3488 6
3489 7
3490 5
3491 6
3492 4
3493 2
3494 4
3495 9
3496 2
3497 4
3498 5
3499 6
3500 4
3501 4
3502 6
3503 3
3504 5
3505 3
3506 2
3507 5
3508 4
3509 5
3510 2
3511 5
3512 7
3513 4
3514 6
3515 5
3516 7
3517 6
3518 6
3519 5
3520 5
3521 4
3522 6
3523 5
3524 3
3525 5
3526 6
3527 5
3528 5
3529 2
3530 4
3531 4
3532 3
3533 4
3534 8
3535 4
3536 5
3537 3
3538 3
3539 8
3540 4
3541 5
3542 4
3543 2
3544 6
3545 2
3546 2
3547 5
3548 7
3549 6
3550 5
3551 6
3552 5
3553 4
3554 7
3555 4
3556 5
3557 5
3558 4
3559 4
3560 5
3561 5
3562 5
3563 4
3564 7
3565 7
3566 6
3567 1
3568 5
3569 6
3570 4
3571 4
3572 4
3573 2
3574 3
3575 5
3576 4
3577 4
3578 2
3579 2
3580 4
3581 3
3582 4
3583 4
3584 2
3585 4
3586 5
3587 5
3588 6
3589 3
3590 6
3591 2
3592 5
3593 4
3594 4
3595 5
3596 2
3597 5
3598 3
3599 4
3600 5
3601 6
3602 5
3603 6
3604 5
3605 2
3606 4
3607 4
3608 5
3609 5
3610 4
3611 5
3612 6
3613 2
3614 4
3615 3
3616 7
3617 6
3618 4
3619 5
3620 3
3621 3
3622 6
3623 6
3624 6
3625 5
3626 4
3627 1
3628 6
3629 2
3630 4
3631 5
3632 6
3633 5
3634 7
3635 5
3636 4
3637 2
3638 4
3639 2
3640 6
3641 6
3642 1
3643 3
3644 6
3645 4
3646 3
3647 4
3648 4
3649 3
3650 5
3651 3
3652 4
3653 6
3654 3
3655 6
3656 2
3657 6
3658 5
3659 3
3660 4
3661 6
3662 3
3663 4
3664 4
3665 4
3666 6
3667 4
3668 3
3669 3
3670 3
3671 5
3672 5
3673 2
3674 5
3675 5
3676 4
3677 2
3678 5
3679 5
3680 6
3681 5
3682 2
3683 1
3684 4
3685 5
3686 4
3687 6
3688 7
3689 5
3690 5
3691 4
3692 8
3693 4
3694 5
3695 5
3696 4
3697 6
3698 3
3699 3
3700 3
3701 5
3702 5
3703 3
3704 2
3705 2
3706 6
3707 7
3708 3
3709 4
3710 5
3711 4
3712 1
3713 1
3714 1
3715 4
3716 8
3717 2
3718 2
3719 5
3720 3
3721 3
3722 4
3723 3
3724 5
3725 4
3726 5
3727 2
3728 4
3729 3
3730 3
3731 3
3732 2
3733 2
3734 4
3735 6
3736 7
3737 5
3738 4
3739 6
3740 5
3741 5
3742 5
3743 6
3744 2
3745 4
3746 8
3747 6
3748 3
3749 2
3750 5
3751 4
3752 3
3753 5
3754 1
3755 5
3756 3
3757 2
3758 6
3759 7
3760 2
3761 4
3762 6
3763 4
3764 10
3765 2
3766 4
3767 5
3768 4
3769 5
3770 4
3771 6
3772 6
3773 5
3774 5
3775 4
3776 5
3777 6
3778 3
3779 0
3780 7
3781 6
3782 3
3783 4
3784 7
3785 4
3786 6
3787 5
3788 6
3789 6
3790 6
3791 8
3792 5
3793 7
3794 9
3795 7
3796 2
3797 5
3798 6
3799 5
3800 4
3801 5
3802 4
3803 2
3804 5
3805 3
3806 5
3807 3
3808 4
3809 3
3810 4
3811 5
3812 4
3813 5
3814 5
3815 2
3816 4
3817 6
3818 4
3819 3
3820 3
3821 5
3822 5
3823 1
3824 3
3825 2
3826 6
3827 3
3828 4
3829 5
3830 6
3831 3
3832 3
3833 6
3834 4
3835 6
3836 7
3837 3
3838 4
3839 3
3840 5
3841 3
3842 2
3843 5
3844 4
3845 4
3846 3
3847 4
3848 3
3849 3
3850 4
3851 6
3852 4
3853 7
3854 4
3855 4
3856 4
3857 4
3858 3
3859 7
3860 4
3861 5
3862 3
3863 2
3864 5
3865 8
3866 3
3867 5
3868 7
3869 2
3870 7
3871 2
3872 5
3873 5
3874 6
3875 5
3876 4
3877 1
3878 4
3879 3
3880 3
3881 4
3882 5
3883 7
3884 6
3885 3
3886 6
3887 6
3888 3
3889 4
3890 2
3891 4
3892 3
3893 4
3894 5
3895 4
3896 5
3897 6
3898 6
3899 6
3900 6
3901 5
3902 2
3903 3
3904 5
3905 2
3906 3
3907 2
3908 5
3909 6
3910 5
3911 2
3912 1
3913 3
3914 6
3915 6
3916 2
3917 6
3918 6
3919 5
3920 3
3921 4
3922 1
3923 4
3924 6
3925 3
3926 6
3927 5
3928 2
3929 6
3930 6
3931 5
3932 5
3933 6
3934 4
3935 10
3936 3
3937 3
3938 6
3939 3
3940 3
3941 3
3942 3
3943 4
3944 3
3945 2
3946 2
3947 3
3948 3
3949 6
3950 4
3951 3
3952 3
3953 5
3954 3
3955 4
3956 4
3957 4
3958 5
3959 4
3960 2
3961 4
3962 4
3963 5
3964 5
3965 3
3966 5
3967 3
3968 4
3969 6
3970 5
3971 4
3972 6
3973 5
3974 4
3975 2
3976 4
3977 2
3978 2
3979 5
3980 4
3981 3
3982 5
3983 5
3984 4
3985 6
3986 6
3987 7
3988 5
3989 5
3990 4
3991 3
3992 6
3993 4
3994 7
3995 4
3996 6
3997 2
3998 10
3999 4
4000 1
4001 5
4002 2
4003 6
4004 4
4005 3
4006 7
4007 5
4008 5
4009 6
4010 6
4011 7
4012 7
4013 6
4014 6
4015 4
4016 4
4017 5
4018 3
4019 6
4020 3
4021 7
4022 3
4023 5
4024 4
4025 6
4026 6
4027 4
4028 4
4029 4
4030 5
4031 6
4032 5
4033 3
4034 5
4035 3
4036 5
4037 6
4038 3
4039 4
4040 4
4041 2
4042 4
4043 3
4044 4
4045 2
4046 3
4047 5
4048 3
4049 8
4050 4
4051 1
4052 7
4053 3
4054 1
4055 5
4056 1
4057 5
4058 5
4059 6
4060 4
4061 6
4062 5
4063 5
4064 3
4065 5
4066 4
4067 5
4068 5
4069 2
4070 3
4071 6
4072 4
4073 3
4074 5
4075 4
4076 3
4077 2
4078 5
4079 5
4080 5
4081 5
4082 3
4083 2
4084 2
4085 4
4086 4
4087 5
4088 5
4089 5
4090 7
4091 3
4092 5
4093 5
4094 5
4095 4
4096 3
4097 4
4098 7
4099 5
4100 3
4101 6
4102 4
4103 5
4104 5
4105 8
4106 4
4107 5
4108 4
4109 4
4110 2
4111 4
4112 6
4113 5
4114 4
4115 5
4116 6
4117 1
4118 5
4119 11
4120 6
4121 5
4122 6
4123 6
4124 4
4125 5
4126 2
4127 4
4128 1
4129 6
4130 3
4131 7
4132 4
4133 9
4134 6
4135 2
4136 3
4137 6
4138 4
4139 8
4140 4
4141 5
4142 4
4143 5
4144 3
4145 5
4146 5
4147 6
4148 6
4149 3
4150 6
4151 6
4152 5
4153 5
4154 5
4155 4
4156 2
4157 4
4158 8
4159 6
4160 6
4161 5
4162 5
4163 4
4164 6
4165 3
4166 7
4167 5
4168 1
4169 5
4170 4
4171 6
4172 2
4173 7
4174 2
4175 4
4176 5
4177 4
4178 6
4179 5
4180 2
4181 4
4182 5
4183 5
4184 3
4185 5
4186 3
4187 6
4188 5
4189 5
4190 5
4191 3
4192 5
4193 4
4194 4
4195 3
4196 4
4197 4
4198 3
4199 5
4200 5
4201 5
4202 3
4203 3
4204 3
4205 6
4206 5
4207 6
4208 2
4209 4
4210 6
4211 2
4212 7
4213 0
4214 1
4215 5
4216 5
4217 3
4218 8
4219 5
4220 3
4221 3
4222 3
4223 5
4224 4
4225 6
4226 7
4227 4
4228 7
4229 5
4230 5
4231 4
4232 7
4233 4
4234 4
4235 6
4236 2
4237 3
4238 3
4239 2
4240 3
4241 7
4242 3
4243 7
4244 5
4245 4
4246 4
4247 4
4248 1
4249 2
4250 4
4251 5
4252 4
4253 6
4254 5
4255 4
4256 5
4257 5
4258 4
4259 7
4260 1
4261 3
4262 6
4263 4
4264 6
4265 4
4266 4
4267 4
4268 1
4269 5
4270 5
4271 2
4272 4
4273 4
4274 3
4275 2
4276 4
4277 5
4278 3
4279 5
4280 6
4281 4
4282 5
4283 6
4284 5
4285 2
4286 7
4287 4
4288 6
4289 6
4290 7
4291 5
4292 4
4293 2
4294 1
4295 3
4296 4
4297 3
4298 4
4299 5
4300 4
4301 4
4302 2
4303 3
4304 4
4305 5
4306 5
4307 4
4308 3
4309 3
4310 5
4311 5
4312 6
4313 2
4314 6
4315 7
4316 4
4317 6
4318 7
4319 4
4320 2
4321 3
4322 2
4323 2
4324 2
4325 6
4326 7
4327 5
4328 7
4329 1
4330 2
4331 4
4332 4
4333 4
4334 6
4335 4
4336 4
4337 4
4338 3
4339 3
4340 3
4341 7
4342 5
4343 3
4344 6
4345 6
4346 5
4347 7
4348 1
4349 6
4350 4
4351 2
4352 5
4353 3
4354 6
4355 3
4356 6
4357 8
4358 7
4359 6
4360 4
4361 3
4362 2
4363 5
4364 4
4365 8
4366 5
4367 2
4368 3
4369 5
4370 4
4371 7
4372 3
4373 4
4374 5
4375 5
4376 5
4377 5
4378 2
4379 5
4380 5
4381 3
4382 3
4383 5
4384 6
4385 5
4386 2
4387 3
4388 4
4389 4
4390 5
4391 3
4392 4
4393 4
4394 3
4395 3
4396 5
4397 6
4398 4
4399 5
4400 6
4401 5
4402 1
4403 4
4404 5
4405 7
4406 3
4407 6
4408 6
4409 8
4410 6
4411 7
4412 5
4413 7
4414 6
4415 6
4416 3
4417 4
4418 5
4419 4
4420 3
4421 4
4422 2
4423 5
4424 4
4425 4
4426 5
4427 5
4428 6
4429 6
4430 5
4431 3
4432 6
4433 6
4434 6
4435 1
4436 6
4437 4
4438 6
4439 6
4440 4
4441 5
4442 6
4443 6
4444 4
4445 6
4446 4
4447 4
4448 4
4449 6
4450 6
4451 2
4452 4
4453 6
4454 1
4455 2
4456 3
4457 5
4458 5
4459 3
4460 3
4461 7
4462 6
4463 6
4464 2
4465 3
4466 4
4467 7
4468 7
4469 5
4470 1
4471 4
4472 4
4473 5
4474 4
4475 7
4476 3
4477 4
4478 5
4479 4
4480 5
4481 3
4482 3
4483 4
4484 5
4485 5
4486 6
4487 5
4488 3
4489 4
4490 2
4491 6
4492 4
4493 5
4494 2
4495 4
4496 4
4497 4
4498 4
4499 4
4500 8
4501 4
4502 7
4503 6
4504 5
4505 1
4506 6
4507 5
4508 4
4509 4
4510 2
4511 3
4512 4
4513 4
4514 3
4515 3
4516 4
4517 3
4518 6
4519 5
4520 4
4521 7
4522 3
4523 3
4524 6
4525 7
4526 6
4527 4
4528 4
4529 5
4530 2
4531 3
4532 6
4533 4
4534 2
4535 5
4536 5
4537 6
4538 4
4539 4
4540 5
4541 5
4542 8
4543 3
4544 1
4545 2
4546 4
4547 3
4548 6
4549 4
4550 8
4551 2
4552 8
4553 5
4554 5
4555 5
4556 4
4557 5
4558 5
4559 5
4560 6
4561 4
4562 2
4563 3
4564 3
4565 3
4566 5
4567 4
4568 4
4569 2
4570 4
4571 2
4572 6
4573 3
4574 1
4575 4
4576 5
4577 3
4578 4
4579 4
4580 2
4581 1
4582 3
4583 2
4584 4
4585 4
4586 4
4587 4
4588 1
4589 4
4590 1
4591 6
4592 5
4593 5
4594 4
4595 5
4596 4
4597 5
4598 3
4599 3
4600 3
4601 4
4602 7
4603 4
4604 1
4605 3
4606 7
4607 7
4608 4
4609 6
4610 5
4611 6
4612 4
4613 5
4614 6
4615 5
4616 5
4617 5
4618 4
4619 4
4620 5
4621 3
4622 5
4623 3
4624 3
4625 6
4626 3
4627 5
4628 2
4629 4
4630 3
4631 2
4632 3
4633 5
4634 7
4635 5
4636 5
4637 4
4638 3
4639 4
4640 5
4641 3
4642 5
4643 4
4644 5
4645 4
4646 3
4647 4
4648 4
4649 3
4650 3
4651 3
4652 10
4653 4
4654 5
4655 6
4656 5
4657 4
4658 7
4659 3
4660 6
4661 4
4662 2
4663 2
4664 4
4665 3
4666 4
4667 3
4668 3
4669 3
4670 3
4671 4
4672 1
4673 4
4674 2
4675 5
4676 3
4677 4
4678 6
4679 7
4680 2
4681 3
4682 5
4683 6
4684 5
4685 3
4686 5
4687 3
4688 4
4689 3
4690 1
4691 6
4692 3
4693 4
4694 5
4695 6
4696 3
4697 5
4698 1
4699 3
4700 5
4701 4
4702 4
4703 3
4704 4
4705 4
4706 4
4707 4
4708 5
4709 5
4710 6
4711 4
4712 5
4713 6
4714 5
4715 5
4716 5
4717 4
4718 3
4719 4
4720 5
4721 4
4722 3
4723 2
4724 4
4725 5
4726 2
4727 6
4728 5
4729 3
4730 4
4731 4
4732 4
4733 2
4734 5
4735 6
4736 5
4737 7
4738 5
4739 5
4740 6
4741 4
4742 5
4743 6
4744 7
4745 2
4746 8
4747 5
4748 4
4749 3
4750 6
4751 5
4752 8
4753 5
4754 4
4755 7
4756 1
4757 6
4758 5
4759 7
4760 7
4761 5
4762 2
4763 4
4764 8
4765 4
4766 5
4767 6
4768 4
4769 6
4770 3
4771 3
4772 5
4773 5
4774 5
4775 5
4776 2
4777 4
4778 4
4779 4
4780 5
4781 4
4782 6
4783 4
4784 6
4785 6
4786 4
4787 4
4788 4
4789 5
4790 3
4791 2
4792 4
4793 5
4794 5
4795 3
4796 5
4797 5
4798 3
4799 3
4800 6
4801 5
4802 5
4803 6
4804 5
4805 4
4806 4
4807 7
4808 3
4809 4
4810 3
4811 5
4812 4
4813 6
4814 5
4815 5
4816 0
4817 4
4818 8
4819 3
4820 7
4821 2
4822 5
4823 3
4824 7
4825 6
4826 4
4827 5
4828 4
4829 3
4830 3
4831 4
4832 6
4833 4
4834 6
4835 5
4836 5
4837 5
4838 4
4839 4
4840 4
4841 4
4842 3
4843 5
4844 4
4845 11
4846 4
4847 4
4848 6
4849 5
4850 7
4851 3
4852 6
4853 5
4854 2
4855 7
4856 3
4857 6
4858 4
4859 5
4860 2
4861 7
4862 3
4863 4
4864 5
4865 4
4866 3
4867 3
4868 3
4869 4
4870 6
4871 4
4872 5
4873 4
4874 3
4875 3
4876 7
4877 6
4878 6
4879 2
4880 9
4881 5
4882 7
4883 5
4884 3
4885 3
4886 3
4887 4
4888 5
4889 6
4890 3
4891 3
4892 5
4893 3
4894 6
4895 4
4896 1
4897 4
4898 7
4899 4
4900 3
4901 2
4902 3
4903 6
4904 4
4905 3
4906 6
4907 5
4908 4
4909 4
4910 8
4911 4
4912 5
4913 5
4914 4
4915 1
4916 5
4917 3
4918 4
4919 4
4920 5
4921 4
4922 5
4923 4
4924 3
4925 5
4926 6
4927 5
4928 3
4929 5
4930 4
4931 5
4932 5
4933 3
4934 5
4935 4
4936 3
4937 5
4938 2
4939 8
4940 4
4941 6
4942 3
4943 4
4944 5
4945 5
4946 3
4947 8
4948 3
4949 2
4950 3
4951 5
4952 3
4953 3
4954 6
4955 7
4956 6
4957 3
4958 7
4959 6
4960 6
4961 4
4962 6
4963 4
4964 3
4965 3
4966 3
4967 7
4968 3
4969 4
4970 5
4971 3
4972 4
4973 5
4974 4
4975 4
4976 5
4977 3
4978 3
4979 4
4980 3
4981 3
4982 3
4983 6
4984 5
4985 5
4986 5
4987 5
4988 4
4989 5
4990 5
4991 2
4992 4
4993 3
4994 4
4995 6
4996 4
4997 2
4998 6
4999 2
5000 5
5001 3
5002 4
5003 5
5004 5
5005 3
5006 3
5007 3
5008 4
5009 2
5010 2
5011 8
5012 6
5013 5
5014 3
5015 4
5016 3
5017 4
5018 3
5019 7
5020 5
5021 5
5022 4
5023 1
5024 4
5025 4
5026 4
5027 4
5028 3
5029 5
5030 4
5031 3
5032 5
5033 4
5034 4
5035 2
5036 5
5037 2
5038 5
5039 4
5040 4
5041 5
5042 6
5043 4
5044 4
5045 1
5046 11
5047 2
5048 2
5049 2
5050 4
5051 3
5052 5
5053 5
5054 3
5055 4
5056 4
5057 5
5058 6
5059 4
5060 6
5061 4
5062 4
5063 1
5064 6
5065 5
5066 4
5067 4
5068 3
5069 7
5070 2
5071 3
5072 2
5073 7
5074 7
5075 6
5076 5
5077 3
5078 8
5079 3
5080 6
5081 6
5082 2
5083 6
5084 3
5085 6
5086 4
5087 5
5088 5
5089 3
5090 4
5091 4
5092 1
5093 5
5094 4
5095 5
5096 4
5097 5
5098 2
5099 9
5100 5
5101 4
5102 4
5103 4
5104 6
5105 2
5106 4
5107 5
5108 5
5109 4
5110 5
5111 3
5112 4
5113 1
5114 2
5115 7
5116 7
5117 3
5118 2
5119 4
5120 6
5121 5
5122 4
5123 4
5124 4
5125 8
5126 5
5127 5
5128 4
5129 4
5130 5
5131 6
5132 2
5133 3
5134 2
5135 2
5136 4
5137 5
5138 5
5139 3
5140 7
5141 5
5142 10
5143 9
5144 3
5145 3
5146 3
5147 9
5148 2
5149 3
5150 6
5151 4
5152 6
5153 5
5154 2
5155 6
5156 1
5157 7
5158 2
5159 6
5160 1
5161 6
5162 2
5163 3
5164 3
5165 3
5166 0
5167 4
5168 3
5169 4
5170 3
5171 7
5172 8
5173 3
5174 2
5175 5
5176 6
5177 5
5178 3
5179 5
5180 3
5181 7
5182 5
5183 6
5184 4
5185 3
5186 5
5187 5
5188 2
5189 3
5190 6
5191 3
5192 3
5193 6
5194 7
5195 4
5196 6
5197 2
5198 3
5199 4
5200 2
5201 5
5202 7
5203 5
5204 6
5205 5
5206 5
5207 6
5208 3
5209 7
5210 3
5211 2
5212 5
5213 5
5214 3
5215 7
5216 4
5217 6
5218 3
5219 4
5220 3
5221 5
5222 5
5223 5
5224 3
5225 6
5226 7
5227 5
5228 4
5229 4
5230 4
5231 2
5232 5
5233 5
5234 4
5235 2
5236 5
5237 5
5238 3
5239 5
5240 5
5241 5
5242 6
5243 6
5244 6
5245 5
5246 2
5247 3
5248 6
5249 2
5250 4
5251 5
5252 4
5253 1
5254 4
5255 4
5256 6
5257 2
5258 6
5259 5
5260 2
5261 6
5262 6
5263 5
5264 4
5265 4
5266 5
5267 5
5268 5
5269 4
5270 6
5271 4
5272 5
5273 3
5274 3
5275 5
5276 5
5277 6
5278 3
5279 1
5280 7
5281 6
5282 5
5283 3
5284 4
5285 5
5286 4
5287 3
5288 8
5289 1
5290 5
5291 4
5292 7
5293 5
5294 6
5295 6
5296 4
5297 6
5298 6
5299 5
5300 2
5301 5
5302 4
5303 4
5304 4
5305 5
5306 4
5307 6
5308 1
5309 6
5310 6
5311 5
5312 6
5313 5
5314 5
5315 4
5316 4
5317 5
5318 5
5319 5
5320 3
5321 4
5322 3
5323 5
5324 4
5325 5
5326 4
5327 3
5328 2
5329 5
5330 3
5331 3
5332 7
5333 6
5334 5
5335 6
5336 3
5337 4
5338 4
5339 4
5340 4
5341 5
5342 1
5343 6
5344 6
5345 3
5346 4
5347 5
5348 3
5349 5
5350 5
5351 4
5352 2
5353 5
5354 1
5355 6
5356 5
5357 6
5358 4
5359 6
5360 3
5361 6
5362 3
5363 5
5364 5
5365 6
5366 2
5367 5
5368 6
5369 5
5370 4
5371 5
5372 6
5373 5
5374 6
5375 4
5376 5
5377 1
5378 7
5379 5
5380 6
5381 3
5382 5
5383 3
5384 3
5385 6
5386 4
5387 5
5388 6
5389 7
5390 4
5391 7
5392 2
5393 5
5394 3
5395 8
5396 2
5397 1
5398 6
5399 3
5400 4
5401 3
5402 2
5403 3
5404 2
5405 7
5406 4
5407 4
5408 1
5409 4
5410 6
5411 6
5412 6
5413 6
5414 6
5415 7
5416 4
5417 5
5418 4
5419 5
5420 4
5421 4
5422 5
5423 5
5424 3
5425 2
5426 2
5427 6
5428 4
5429 1
5430 3
5431 4
5432 2
5433 8
5434 5
5435 3
5436 5
5437 3
5438 8
5439 3
5440 5
5441 3
5442 5
5443 4
5444 4
5445 3
5446 3
5447 7
5448 2
5449 4
5450 3
5451 2
5452 7
5453 3
5454 7
5455 3
5456 3
5457 6
5458 5
5459 7
5460 3
5461 3
5462 3
5463 6
5464 5
5465 3
5466 5
5467 3
5468 3
5469 3
5470 4
5471 5
5472 2
5473 5
5474 5
5475 3
5476 7
5477 3
5478 5
5479 8
5480 2
5481 4
5482 5
5483 4
5484 5
5485 4
5486 5
5487 6
5488 6
5489 7
5490 3
5491 4
5492 1
5493 4
5494 2
5495 5
5496 1
5497 3
5498 3
5499 5
5500 3
5501 4
5502 6
5503 5
5504 3
5505 7
5506 4
5507 4
5508 4
5509 3
5510 5
5511 5
5512 3
5513 5
5514 7
5515 7
5516 3
5517 6
5518 3
5519 3
5520 2
5521 6
5522 4
5523 4
5524 5
5525 3
5526 3
5527 4
5528 3
5529 1
5530 5
5531 2
5532 4
5533 5
5534 1
5535 8
5536 5
5537 3
5538 4
5539 3
5540 3
5541 5
5542 5
5543 3
5544 7
5545 5
5546 5
5547 2
5548 4
5549 6
5550 4
5551 4
5552 4
5553 6
5554 2
5555 4
5556 3
5557 4
5558 3
5559 5
5560 4
5561 4
5562 5
5563 5
5564 4
5565 3
5566 4
5567 5
5568 5
5569 11
5570 1
5571 3
5572 1
5573 9
5574 2
5575 5
5576 4
5577 9
5578 5
5579 4
5580 6
5581 6
5582 3
5583 6
5584 5
5585 4
5586 6
5587 2
5588 5
5589 2
5590 4
5591 6
5592 1
5593 3
5594 5
5595 5
5596 6
5597 7
5598 2
5599 6
5600 4
5601 5
5602 1
5603 3
5604 3
5605 1
5606 6
5607 5
5608 5
5609 5
5610 5
5611 5
5612 5
5613 4
5614 2
5615 4
5616 5
5617 6
5618 3
5619 4
5620 4
5621 3
5622 6
5623 6
5624 6
5625 2
5626 3
5627 7
5628 5
5629 5
5630 3
5631 6
5632 5
5633 2
5634 7
5635 5
5636 7
5637 4
5638 4
5639 3
5640 7
5641 4
5642 7
5643 5
5644 4
5645 5
5646 1
5647 3
5648 4
5649 3
5650 6
5651 5
5652 8
5653 3
5654 3
5655 3
5656 4
5657 4
5658 6
5659 3
5660 3
5661 5
5662 6
5663 3
5664 5
5665 6
5666 3
5667 4
5668 7
5669 5
5670 4
5671 5
5672 4
5673 5
5674 2
5675 4
5676 4
5677 5
5678 4
5679 4
5680 6
5681 8
5682 6
5683 4
5684 3
5685 4
5686 3
5687 4
5688 4
5689 3
5690 6
5691 4
5692 3
5693 4
5694 3
5695 4
5696 6
5697 3
5698 6
5699 5
5700 5
5701 5
5702 7
5703 5
5704 1
5705 7
5706 4
5707 2
5708 3
5709 6
5710 5
5711 4
5712 3
5713 2
5714 6
5715 4
5716 4
5717 3
5718 4
5719 5
5720 6
5721 4
5722 1
5723 4
5724 4
5725 0
5726 5
5727 6
5728 7
5729 4
5730 4
5731 3
5732 4
5733 6
5734 4
5735 5
5736 3
5737 5
5738 4
5739 2
5740 4
5741 4
5742 2
5743 4
5744 5
5745 3
5746 2
5747 5
5748 3
5749 4
5750 5
5751 6
5752 3
5753 5
5754 4
5755 3
5756 0
5757 4
5758 3
5759 4
5760 7
5761 0
5762 6
5763 5
5764 6
5765 5
5766 3
5767 4
5768 1
5769 5
5770 4
5771 4
5772 3
5773 3
5774 4
5775 4
5776 4
5777 4
5778 6
5779 4
5780 3
5781 3
5782 4
5783 4
5784 5
5785 4
5786 2
5787 4
5788 3
5789 5
5790 4
5791 6
5792 4
5793 5
5794 5
5795 5
5796 3
5797 3
5798 4
5799 6
5800 6
5801 4
5802 5
5803 4
5804 4
5805 3
5806 1
5807 0
5808 3
5809 1
5810 3
5811 4
5812 6
5813 3
5814 5
5815 4
5816 1
5817 2
5818 5
5819 5
5820 6
5821 5
5822 4
5823 4
5824 3
5825 4
5826 5
5827 2
5828 3
5829 3
5830 4
5831 4
5832 3
5833 4
5834 4
5835 6
5836 6
5837 4
5838 7
5839 2
5840 6
5841 4
5842 5
5843 4
5844 5
5845 4
5846 3
5847 2
5848 5
5849 6
5850 6
5851 5
5852 4
5853 2
5854 4
5855 4
5856 6
5857 1
5858 8
5859 5
5860 4
5861 1
5862 7
5863 3
5864 5
5865 5
5866 8
5867 4
5868 5
5869 8
5870 4
5871 6
5872 5
5873 5
5874 4
5875 6
5876 1
5877 4
5878 6
5879 5
5880 4
5881 6
5882 3
5883 6
5884 5
5885 3
5886 6
5887 3
5888 4
5889 5
5890 6
5891 5
5892 6
5893 4
5894 5
5895 8
5896 6
5897 4
5898 4
5899 5
5900 5
5901 4
5902 5
5903 4
5904 3
5905 2
5906 4
5907 5
5908 6
5909 2
5910 7
5911 2
5912 5
5913 5
5914 6
5915 3
5916 3
5917 2
5918 4
5919 4
5920 5
5921 1
5922 8
5923 5
5924 5
5925 2
5926 5
5927 5
5928 3
5929 4
5930 4
5931 5
5932 5
5933 8
5934 2
5935 4
5936 2
5937 3
5938 4
5939 4
5940 5
5941 4
5942 4
5943 6
5944 6
5945 5
5946 3
5947 6
5948 6
5949 4
5950 5
5951 5
5952 8
5953 5
5954 3
5955 6
5956 1
5957 2
5958 4
5959 7
5960 3
5961 3
5962 5
5963 4
5964 6
5965 5
5966 7
5967 3
5968 4
5969 4
5970 3
5971 5
5972 2
5973 3
5974 6
5975 5
5976 5
5977 4
5978 5
5979 4
5980 4
5981 7
5982 3
5983 3
5984 2
5985 5
5986 4
5987 3
5988 3
5989 3
5990 7
5991 2
5992 4
5993 4
5994 2
5995 3
5996 3
5997 0
5998 4
5999 7
6000 6
6001 6
6002 4
6003 3
6004 4
6005 5
6006 6
6007 3
6008 4
6009 5
6010 5
6011 6
6012 3
6013 4
6014 2
6015 3
6016 4
6017 6
6018 4
6019 7
6020 5
6021 8
6022 1
6023 5
6024 3
6025 5
6026 3
6027 8
6028 4
6029 4
6030 4
6031 4
6032 1
6033 2
6034 6
6035 4
6036 3
6037 5
6038 3
6039 4
6040 2
6041 6
6042 2
6043 7
6044 4
6045 6
6046 6
6047 6
6048 3
6049 4
6050 6
6051 5
6052 4
6053 5
6054 3
6055 3
6056 6
6057 3
6058 3
6059 2
6060 5
6061 4
6062 4
6063 4
6064 6
6065 2
6066 2
6067 1
6068 5
6069 3
6070 1
6071 4
6072 4
6073 3
6074 2
6075 5
6076 3
6077 4
6078 5
6079 5
6080 6
6081 5
6082 2
6083 6
6084 4
6085 6
6086 6
6087 7
6088 4
6089 5
6090 5
6091 6
6092 1
6093 2
6094 3
6095 3
6096 4
6097 6
6098 6
6099 6
6100 5
6101 5
6102 5
6103 5
6104 2
6105 3
6106 5
6107 4
6108 5
6109 5
6110 4
6111 6
6112 6
6113 3
6114 6
6115 4
6116 3
6117 6
6118 6
6119 2
6120 6
6121 6
6122 3
6123 4
6124 3
6125 4
6126 4
6127 5
6128 5
6129 4
6130 14
6131 8
6132 3
6133 7
6134 1
6135 5
6136 4
6137 4
6138 6
6139 5
6140 7
6141 4
6142 2
6143 5
6144 4
6145 3
6146 4
6147 3
6148 1
6149 4
6150 5
6151 4
6152 3
6153 3
6154 2
6155 5
6156 4
6157 6
6158 2
6159 3
6160 7
6161 2
6162 5
6163 4
6164 5
6165 5
6166 7
6167 6
6168 7
6169 6
6170 2
6171 4
6172 3
6173 4
6174 8
6175 5
6176 4
6177 1
6178 7
6179 4
6180 3
6181 5
6182 8
6183 7
6184 2
6185 6
6186 6
6187 5
6188 2
6189 7
6190 5
6191 5
6192 5
6193 3
6194 6
6195 4
6196 5
6197 5
6198 4
6199 4
6200 1
6201 5
6202 3
6203 5
6204 5
6205 6
6206 5
6207 5
6208 3
6209 4
6210 5
6211 5
6212 3
6213 4
6214 2
6215 6
6216 4
6217 5
6218 6
6219 4
6220 6
6221 4
6222 7
6223 4
6224 5
6225 4
6226 4
6227 5
6228 3
6229 5
6230 4
6231 2
6232 4
6233 6
6234 5
6235 7
6236 5
6237 2
6238 4
6239 5
6240 2
6241 2
6242 5
6243 3
6244 1
6245 4
6246 4
6247 4
6248 6
6249 5
6250 4
6251 2
6252 4
6253 5
6254 8
6255 4
6256 5
6257 5
6258 5
6259 5
6260 4
6261 8
6262 5
6263 4
6264 4
6265 3
6266 4
6267 5
6268 2
6269 6
6270 5
6271 4
6272 3
6273 4
6274 5
6275 7
6276 6
6277 5
6278 4
6279 5
6280 3
6281 4
6282 3
6283 6
6284 5
6285 6
6286 3
6287 3
6288 4
6289 4
6290 1
6291 3
6292 4
6293 5
6294 5
6295 3
6296 2
6297 5
6298 5
6299 4
6300 6
6301 4
6302 5
6303 4
6304 5
6305 5
6306 5
6307 6
6308 1
6309 5
6310 4
6311 3
6312 4
6313 7
6314 4
6315 6
6316 4
6317 3
6318 3
6319 7
6320 2
6321 2
6322 4
6323 6
6324 5
6325 5
6326 9
6327 5
6328 4
6329 6
6330 2
6331 6
6332 3
6333 1
6334 4
6335 6
6336 6
6337 1
6338 6
6339 1
6340 5
6341 5
6342 2
6343 5
6344 5
6345 4
6346 5
6347 2
6348 6
6349 1
6350 4
6351 5
6352 8
6353 4
6354 8
6355 2
6356 7
6357 4
6358 4
6359 4
6360 7
6361 6
6362 6
6363 5
6364 4
6365 4
6366 4
6367 2
6368 2
6369 3
6370 4
6371 4
6372 4
6373 1
6374 6
6375 5
6376 5
6377 4
6378 4
6379 3
6380 6
6381 5
6382 4
6383 5
6384 5
6385 4
6386 5
6387 2
6388 10
6389 2
6390 6
6391 2
6392 6
6393 9
6394 6
6395 4
6396 3
6397 5
6398 5
6399 4
6400 7
6401 4
6402 3
6403 5
6404 1
6405 4
6406 5
6407 5
6408 4
6409 4
6410 0
6411 5
6412 5
6413 3
6414 3
6415 3
6416 5
6417 0
6418 4
6419 4
6420 3
6421 4
6422 6
6423 7
6424 4
6425 3
6426 4
6427 4
6428 5
6429 4
6430 3
6431 3
6432 5
6433 4
6434 5
6435 4
6436 5
6437 6
6438 4
6439 5
6440 2
6441 4
6442 3
6443 5
6444 4
6445 5
6446 7
6447 7
6448 3
6449 5
6450 5
6451 7
6452 5
6453 6
6454 2
6455 3
6456 6
6457 4
6458 6
6459 6
6460 7
6461 5
6462 2
6463 4
6464 2
6465 6
6466 4
6467 2
6468 4
6469 4
6470 4
6471 5
6472 5
6473 3
6474 3
6475 4
6476 6
6477 5
6478 3
6479 4
6480 3
6481 3
6482 4
6483 4
6484 1
6485 3
6486 2
6487 1
6488 4
6489 3
6490 6
6491 2
6492 6
6493 4
6494 2
6495 6
6496 3
6497 3
6498 6
6499 5
6500 5
6501 5
6502 7
6503 5
6504 5
6505 2
6506 2
6507 6
6508 3
6509 1
6510 7
6511 6
6512 5
6513 4
6514 4
6515 2
6516 3
6517 4
6518 4
6519 4
6520 3
6521 5
6522 6
6523 3
6524 4
6525 2
6526 1
6527 7
6528 2
6529 4
6530 2
6531 3
6532 4
6533 7
6534 5
6535 5
6536 5
6537 3
6538 4
6539 2
6540 4
6541 4
6542 1
6543 1
6544 5
6545 4
6546 5
6547 3
6548 4
6549 3
6550 5
6551 2
6552 4
6553 4
6554 7
6555 4
6556 3
6557 4
6558 5
6559 5
6560 5
6561 11
6562 3
6563 4
6564 4
6565 5
6566 5
6567 4
6568 5
6569 7
6570 5
6571 4
6572 7
6573 5
6574 4
6575 2
6576 6
6577 4
6578 3
6579 8
6580 4
6581 4
6582 5
6583 8
6584 4
6585 4
6586 4
6587 2
6588 7
6589 7
6590 4
6591 6
6592 4
6593 4
6594 7
6595 5
6596 5
6597 2
6598 3
6599 3
6600 8
6601 3
6602 3
6603 7
6604 4
6605 6
6606 0
6607 3
6608 5
6609 4
6610 7
6611 5
6612 3
6613 4
6614 5
6615 2
6616 5
6617 4
6618 5
6619 5
6620 6
6621 3
6622 2
6623 6
6624 5
6625 3
6626 5
6627 5
6628 6
6629 2
6630 2
6631 4
6632 5
6633 1
6634 4
6635 4
6636 5
6637 4
6638 4
6639 5
6640 7
6641 6
6642 5
6643 6
6644 4
6645 8
6646 8
6647 3
6648 5
6649 8
6650 3
6651 6
6652 6
6653 4
6654 5
6655 6
6656 5
6657 4
6658 6
6659 3
6660 3
6661 0
6662 5
6663 8
6664 2
6665 2
6666 2
6667 5
6668 7
6669 4
6670 5
6671 6
6672 2
6673 1
6674 4
6675 2
6676 2
6677 3
6678 6
6679 7
6680 2
6681 3
6682 3
6683 4
6684 5
6685 7
6686 3
6687 6
6688 5
6689 5
6690 5
6691 5
6692 6
6693 2
6694 5
6695 4
6696 4
6697 2
6698 3
6699 3
6700 6
6701 4
6702 6
6703 5
6704 4
6705 3
6706 6
6707 6
6708 2
6709 5
6710 6
6711 4
6712 7
6713 5
6714 5
6715 8
6716 4
6717 5
6718 3
6719 3
6720 6
6721 4
6722 4
6723 7
6724 6
6725 5
6726 4
6727 3
6728 7
6729 3
6730 3
6731 2
6732 7
6733 3
6734 3
6735 5
6736 4
6737 3
6738 8
6739 2
6740 2
6741 5
6742 4
6743 1
6744 4
6745 7
6746 6
6747 2
6748 4
6749 4
6750 5
6751 5
6752 3
6753 6
6754 4
6755 5
6756 4
6757 2
6758 2
6759 3
6760 5
6761 6
6762 7
6763 6
6764 6
6765 4
6766 5
6767 3
6768 5
6769 4
6770 7
6771 6
6772 3
6773 4
6774 4
6775 2
6776 6
6777 5
6778 5
6779 5
6780 5
6781 3
6782 5
6783 6
6784 5
6785 3
6786 2
6787 6
6788 5
6789 3
6790 3
6791 6
6792 4
6793 5
6794 7
6795 5
6796 3
6797 2
6798 7
6799 5
6800 5
6801 4
6802 5
6803 3
6804 7
6805 3
6806 4
6807 5
6808 5
6809 1
6810 5
6811 6
6812 4
6813 4
6814 4
6815 2
6816 2
6817 5
6818 5
6819 4
6820 3
6821 3
6822 6
6823 4
6824 7
6825 4
6826 2
6827 7
6828 4
6829 2
6830 3
6831 5
6832 6
6833 5
6834 3
6835 6
6836 6
6837 4
6838 2
6839 6
6840 1
6841 5
6842 4
6843 5
6844 5
6845 3
6846 4
6847 4
6848 5
6849 4
6850 6
6851 4
6852 4
6853 8
6854 2
6855 3
6856 4
6857 3
6858 5
6859 6
6860 3
6861 3
6862 2
6863 5
6864 4
6865 4
6866 3
6867 4
6868 5
6869 2
6870 3
6871 3
6872 2
6873 3
6874 6
6875 5
6876 6
6877 7
6878 5
6879 4
6880 4
6881 4
6882 4
6883 4
6884 7
6885 3
6886 5
6887 4
6888 4
6889 7
6890 3
6891 7
6892 5
6893 4
6894 4
6895 4
6896 4
6897 3
6898 3
6899 7
6900 5
6901 3
6902 5
6903 3
6904 5
6905 2
6906 5
6907 5
6908 5
6909 6
6910 5
6911 5
6912 3
6913 5
6914 3
6915 5
6916 4
6917 5
6918 6
6919 2
6920 2
6921 3
6922 3
6923 6
6924 2
6925 5
6926 6
6927 4
6928 5
6929 5
6930 5
6931 4
6932 5
6933 3
6934 9
6935 7
6936 3
6937 5
6938 3
6939 4
6940 4
6941 3
6942 5
6943 1
6944 5
6945 5
6946 5
6947 4
6948 5
6949 4
6950 2
6951 5
6952 4
6953 4
6954 5
6955 5
6956 5
6957 2
6958 6
6959 3
6960 4
6961 5
6962 4
6963 4
6964 5
6965 3
6966 3
6967 2
6968 4
6969 4
6970 5
6971 3
6972 4
6973 3
6974 3
6975 4
6976 5
6977 4
6978 4
6979 4
6980 4
6981 4
6982 5
6983 3
6984 4
6985 5
6986 5
6987 4
6988 4
6989 7
6990 4
6991 2
6992 3
6993 6
6994 3
6995 4
6996 5
6997 7
6998 9
6999 5
7000 3
7001 3
7002 2
7003 5
7004 6
7005 4
7006 3
7007 6
7008 4
7009 5
7010 6
7011 5
7012 5
7013 4
7014 4
7015 3
7016 3
7017 4
7018 5
7019 3
7020 5
7021 4
7022 4
7023 4
7024 4
7025 3
7026 3
7027 5
7028 6
7029 7
7030 5
7031 6
7032 7
7033 4
7034 6
7035 4
7036 3
7037 3
7038 6
7039 3
7040 4
7041 3
7042 4
7043 2
7044 4
7045 6
7046 6
7047 3
7048 4
7049 6
7050 3
7051 5
7052 5
7053 5
7054 6
7055 4
7056 1
7057 6
7058 5
7059 3
7060 5
7061 5
7062 4
7063 5
7064 3
7065 5
7066 3
7067 4
7068 5
7069 6
7070 1
7071 5
7072 9
7073 7
7074 3
7075 4
7076 3
7077 4
7078 2
7079 6
7080 5
7081 2
7082 4
7083 4
7084 3
7085 6
7086 3
7087 1
7088 2
7089 3
7090 4
7091 4
7092 3
7093 2
7094 3
7095 5
7096 5
7097 2
7098 5
7099 4
7100 3
7101 5
7102 6
7103 5
7104 6
7105 6
7106 8
7107 5
7108 6
7109 4
7110 4
7111 2
7112 3
7113 2
7114 5
7115 4
7116 6
7117 5
7118 5
7119 5
7120 3
7121 5
7122 3
7123 4
7124 3
7125 6
7126 4
7127 4
7128 5
7129 3
7130 5
7131 3
7132 8
7133 2
7134 4
7135 3
7136 7
7137 4
7138 7
7139 6
7140 4
7141 5
7142 4
7143 3
7144 3
7145 5
7146 4
7147 5
7148 5
7149 6
7150 3
7151 5
7152 1
7153 7
7154 6
7155 5
7156 5
7157 4
7158 5
7159 5
7160 8
7161 7
7162 2
7163 6
7164 6
7165 5
7166 5
7167 6
7168 6
7169 6
7170 7
7171 6
7172 4
7173 4
7174 5
7175 4
7176 4
7177 6
7178 3
7179 8
7180 5
7181 6
7182 5
7183 3
7184 3
7185 5
7186 2
7187 4
7188 6
7189 6
7190 6
7191 4
7192 3
7193 4
7194 3
7195 2
7196 4
7197 5
7198 5
7199 6
7200 4
7201 2
7202 6
7203 2
7204 4
7205 4
7206 3
7207 3
7208 5
7209 2
7210 5
7211 3
7212 4
7213 4
7214 4
7215 8
7216 4
7217 4
7218 5
7219 5
7220 2
7221 5
7222 4
7223 5
7224 6
7225 2
7226 4
7227 5
7228 4
7229 3
7230 4
7231 5
7232 4
7233 7
7234 4
7235 5
7236 2
7237 5
7238 4
7239 3
7240 4
7241 3
7242 3
7243 4
7244 4
7245 7
7246 4
7247 8
7248 2
7249 3
7250 1
7251 5
7252 3
7253 4
7254 5
7255 4
7256 6
7257 0
7258 4
7259 5
7260 4
7261 6
7262 5
7263 4
7264 6
7265 4
7266 7
7267 5
7268 3
7269 4
7270 4
7271 2
7272 6
7273 7
7274 6
7275 3
7276 4
7277 7
7278 3
7279 7
7280 4
7281 5
7282 5
7283 3
7284 6
7285 5
7286 3
7287 4
7288 5
7289 4
7290 6
7291 3
7292 6
7293 6
7294 9
7295 5
7296 4
7297 5
7298 4
7299 3
7300 2
7301 4
7302 3
7303 3
7304 3
7305 5
7306 5
7307 5
7308 2
7309 3
7310 5
7311 6
7312 2
7313 3
7314 5
7315 4
7316 4
7317 5
7318 3
7319 5
7320 4
7321 4
7322 4
7323 6
7324 5
7325 4
7326 2
7327 5
7328 4
7329 3
7330 4
7331 3
7332 2
7333 3
7334 3
7335 4
7336 2
7337 5
7338 6
7339 4
7340 2
7341 7
7342 4
7343 5
7344 9
7345 3
7346 6
7347 2
7348 3
7349 5
7350 6
7351 3
7352 3
7353 6
7354 2
7355 6
7356 3
7357 6
7358 2
7359 4
7360 5
7361 6
7362 3
7363 3
7364 3
7365 4
7366 6
7367 5
7368 5
7369 2
7370 4
7371 2
7372 5
7373 5
7374 1
7375 6
7376 6
7377 5
7378 7
7379 4
7380 7
7381 6
7382 4
7383 4
7384 7
7385 6
7386 3
7387 4
7388 7
7389 4
7390 3
7391 4
7392 4
7393 8
7394 8
7395 5
7396 5
7397 3
7398 5
7399 3
7400 3
7401 4
7402 2
7403 7
7404 3
7405 3
7406 5
7407 4
7408 3
7409 4
7410 8
7411 3
7412 5
7413 3
7414 5
7415 3
7416 3
7417 4
7418 3
7419 7
7420 6
7421 2
7422 4
7423 3
7424 3
7425 3
7426 4
7427 3
7428 3
7429 2
7430 4
7431 4
7432 5
7433 3
7434 5
7435 6
7436 4
7437 6
7438 2
7439 6
7440 4
7441 5
7442 5
7443 2
7444 6
7445 2
7446 5
7447 6
7448 2
7449 4
7450 4
7451 5
7452 1
7453 4
7454 3
7455 8
7456 5
7457 7
7458 2
7459 2
7460 2
7461 3
7462 3
7463 5
7464 7
7465 3
7466 3
7467 4
7468 4
7469 3
7470 3
7471 6
7472 2
7473 5
7474 4
7475 6
7476 5
7477 6
7478 2
7479 3
7480 5
7481 5
7482 4
7483 5
7484 5
7485 7
7486 3
7487 2
7488 5
7489 5
7490 4
7491 5
7492 7
7493 6
7494 7
7495 3
7496 6
7497 4
7498 5
7499 4
7500 7
7501 6
7502 3
7503 3
7504 4
7505 6
7506 6
7507 5
7508 4
7509 5
7510 3
7511 3
7512 8
7513 2
7514 3
7515 6
7516 4
7517 1
7518 2
7519 2
7520 6
7521 4
7522 5
7523 3
7524 6
7525 5
7526 5
7527 1
7528 3
7529 5
7530 5
7531 7
7532 6
7533 4
7534 3
7535 5
7536 6
7537 6
7538 8
7539 3
7540 5
7541 3
7542 3
7543 5
7544 3
7545 5
7546 4
7547 7
7548 3
7549 3
7550 6
7551 3
7552 3
7553 4
7554 3
7555 4
7556 4
7557 3
7558 7
7559 5
7560 2
7561 5
7562 2
7563 4
7564 3
7565 1
7566 5
7567 4
7568 4
7569 5
7570 4
7571 4
7572 5
7573 5
7574 3
7575 3
7576 3
7577 8
7578 3
7579 5
7580 3
7581 4
7582 4
7583 4
7584 5
7585 4
7586 5
7587 5
7588 3
7589 5
7590 1
7591 5
7592 5
7593 3
7594 3
7595 4
7596 4
7597 2
7598 4
7599 2
7600 2
7601 8
7602 4
7603 3
7604 6
7605 7
7606 1
7607 4
7608 6
7609 2
7610 4
7611 4
7612 4
7613 6
7614 4
7615 4
7616 3
7617 5
7618 6
7619 4
7620 4
7621 3
7622 5
7623 3
7624 6
7625 4
7626 5
7627 2
7628 5
7629 4
7630 7
7631 3
7632 4
7633 5
7634 6
7635 6
7636 4
7637 4
7638 6
7639 6
7640 6
7641 3
7642 6
7643 7
7644 4
7645 5
7646 3
7647 2
7648 2
7649 5
7650 5
7651 5
7652 3
7653 3
7654 3
7655 4
7656 3
7657 7
7658 5
7659 1
7660 2
7661 4
7662 7
7663 5
7664 5
7665 5
7666 4
7667 4
7668 5
7669 5
7670 5
7671 4
7672 3
7673 2
7674 5
7675 2
7676 4
7677 4
7678 3
7679 1
7680 6
7681 4
7682 4
7683 5
7684 4
7685 4
7686 1
7687 6
7688 5
7689 6
7690 3
7691 4
7692 4
7693 6
7694 2
7695 4
7696 4
7697 4
7698 4
7699 5
7700 3
7701 5
7702 5
7703 5
7704 2
7705 4
7706 7
7707 4
7708 8
7709 3
7710 2
7711 5
7712 5
7713 5
7714 5
7715 5
7716 7
7717 2
7718 3
7719 2
7720 2
7721 6
7722 2
7723 2
7724 4
7725 5
7726 3
7727 6
7728 4
7729 4
7730 1
7731 2
7732 5
7733 4
7734 7
7735 3
7736 7
7737 6
7738 5
7739 5
7740 4
7741 4
7742 3
7743 4
7744 4
7745 2
7746 6
7747 0
7748 3
7749 4
7750 3
7751 7
7752 5
7753 5
7754 5
7755 7
7756 4
7757 4
7758 2
7759 4
7760 2
7761 4
7762 5
7763 4
7764 2
7765 5
7766 5
7767 4
7768 5
7769 6
7770 5
7771 5
7772 6
7773 3
7774 2
7775 5
7776 4
7777 5
7778 4
7779 4
7780 5
7781 3
7782 5
7783 4
7784 4
7785 7
7786 3
7787 5
7788 3
7789 4
7790 7
7791 2
7792 4
7793 6
7794 4
7795 4
7796 4
7797 4
7798 4
7799 3
7800 6
7801 4
7802 5
7803 7
7804 3
7805 5
7806 4
7807 4
7808 5
7809 5
7810 4
7811 3
7812 4
7813 4
7814 5
7815 2
7816 2
7817 4
7818 2
7819 4
7820 5
7821 2
7822 4
7823 3
7824 4
7825 5
7826 6
7827 5
7828 6
7829 4
7830 5
7831 4
7832 3
7833 4
7834 5
7835 3
7836 5
7837 2
7838 2
7839 5
7840 4
7841 4
7842 2
7843 5
7844 4
7845 2
7846 2
7847 3
7848 7
7849 4
7850 3
7851 1
7852 4
7853 5
7854 4
7855 4
7856 4
7857 5
7858 4
7859 4
7860 4
7861 7
7862 3
7863 4
7864 4
7865 5
7866 4
7867 4
7868 4
7869 4
7870 6
7871 4
7872 6
7873 6
7874 5
7875 5
7876 5
7877 3
7878 5
7879 5
7880 6
7881 6
7882 5
7883 1
7884 3
7885 5
7886 6
7887 5
7888 4
7889 2
7890 5
7891 1
7892 4
7893 6
7894 6
7895 3
7896 5
7897 4
7898 3
7899 1
7900 2
7901 6
7902 3
7903 2
7904 3
7905 1
7906 1
7907 3
7908 5
7909 6
7910 5
7911 3
7912 4
7913 6
7914 2
7915 5
7916 7
7917 4
7918 3
7919 3
7920 5
7921 3
7922 4
7923 4
7924 5
7925 3
7926 3
7927 4
7928 4
7929 4
7930 5
7931 5
7932 3
7933 6
7934 5
7935 2
7936 1
7937 9
7938 6
7939 2
7940 3
7941 3
7942 3
7943 4
7944 4
7945 3
7946 4
7947 3
7948 4
7949 4
7950 4
7951 3
7952 3
7953 3
7954 5
7955 5
7956 1
7957 4
7958 3
7959 4
7960 7
7961 3
7962 3
7963 5
7964 5
7965 5
7966 3
7967 5
7968 5
7969 3
7970 5
7971 3
7972 3
7973 5
7974 5
7975 4
7976 3
7977 4
7978 4
7979 5
7980 7
7981 5
7982 4
7983 4
7984 10
7985 4
7986 2
7987 4
7988 4
7989 5
7990 4
7991 5
7992 6
7993 7
7994 4
7995 5
7996 1
7997 6
7998 3
7999 4
8000 3
8001 4
8002 4
8003 6
8004 2
8005 8
8006 5
8007 4
8008 2
8009 2
8010 4
8011 3
8012 4
8013 6
8014 3
8015 3
8016 4
8017 5
8018 3
8019 5
8020 3
8021 3
8022 3
8023 5
8024 5
8025 3
8026 6
8027 4
8028 4
8029 2
8030 2
8031 2
8032 5
8033 3
8034 9
8035 3
8036 4
8037 4
8038 4
8039 3
8040 5
8041 5
8042 4
8043 6
8044 3
8045 6
8046 2
8047 4
8048 4
8049 4
8050 4
8051 4
8052 4
8053 4
8054 6
8055 4
8056 4
8057 5
8058 6
8059 6
8060 6
8061 2
8062 4
8063 5
8064 6
8065 6
8066 4
8067 5
8068 6
8069 3
8070 4
8071 5
8072 5
8073 5
8074 5
8075 7
8076 5
8077 3
8078 5
8079 6
8080 4
8081 4
8082 10
8083 3
8084 4
8085 2
8086 5
8087 6
8088 6
8089 5
8090 7
8091 4
8092 5
8093 4
8094 6
8095 5
8096 2
8097 4
8098 2
8099 4
8100 5
8101 5
8102 2
8103 3
8104 5
8105 9
8106 5
8107 4
8108 7
8109 4
8110 4
8111 4
8112 3
8113 1
8114 4
8115 7
8116 6
8117 4
8118 3
8119 6
8120 5
8121 6
8122 4
8123 4
8124 4
8125 4
8126 6
8127 5
8128 2
8129 4
8130 3
8131 3
8132 3
8133 4
8134 1
8135 2
8136 4
8137 6
8138 3
8139 9
8140 4
8141 2
8142 5
8143 4
8144 5
8145 5
8146 5
8147 1
8148 2
8149 5
8150 3
8151 4
8152 2
8153 2
8154 5
8155 4
8156 3
8157 3
8158 3
8159 5
8160 5
8161 3
8162 4
8163 6
8164 6
8165 2
8166 5
8167 6
8168 4
8169 4
8170 5
8171 4
8172 3
8173 7
8174 4
8175 3
8176 4
8177 4
8178 7
8179 6
8180 5
8181 5
8182 3
8183 5
8184 4
8185 4
8186 1
8187 5
8188 5
8189 4
8190 5
8191 6
8192 4
8193 4
8194 3
8195 3
8196 4
8197 2
8198 5
8199 8
8200 3
8201 5
8202 6
8203 4
8204 4
8205 6
8206 3
8207 4
8208 6
8209 3
8210 5
8211 3
8212 3
8213 6
8214 5
8215 2
8216 7
8217 1
8218 4
8219 5
8220 3
8221 5
8222 4
8223 3
8224 4
8225 4
8226 4
8227 3
8228 4
8229 7
8230 4
8231 4
8232 5
8233 5
8234 4
8235 7
8236 4
8237 4
8238 8
8239 4
8240 1
8241 4
8242 7
8243 3
8244 3
8245 4
8246 3
8247 5
8248 6
8249 8
8250 2
8251 4
8252 3
8253 5
8254 4
8255 5
8256 6
8257 6
8258 3
8259 5
8260 3
8261 2
8262 5
8263 4
8264 5
8265 6
8266 3
8267 7
8268 0
8269 4
8270 4
8271 2
8272 4
8273 2
8274 5
8275 3
8276 4
8277 4
8278 5
8279 3
8280 6
8281 6
8282 6
8283 5
8284 2
8285 2
8286 2
8287 5
8288 5
8289 4
8290 5
8291 4
8292 5
8293 6
8294 5
8295 3
8296 6
8297 6
8298 8
8299 3
8300 4
8301 4
8302 4
8303 4
8304 4
8305 2
8306 3
8307 4
8308 3
8309 5
8310 4
8311 4
8312 3
8313 5
8314 4
8315 5
8316 5
8317 5
8318 5
8319 3
8320 6
8321 3
8322 5
8323 5
8324 8
8325 5
8326 5
8327 4
8328 3
8329 4
8330 3
8331 2
8332 2
8333 5
8334 3
8335 4
8336 2
8337 3
8338 2
8339 5
8340 3
8341 7
8342 4
8343 7
8344 4
8345 3
8346 6
8347 2
8348 6
8349 3
8350 5
8351 6
8352 3
8353 4
8354 4
8355 6
8356 2
8357 5
8358 5
8359 3
8360 5
8361 6
8362 5
8363 3
8364 8
8365 4
8366 4
8367 4
8368 5
8369 6
8370 2
8371 7
8372 3
8373 6
8374 4
8375 5
8376 6
8377 5
8378 1
8379 4
8380 4
8381 3
8382 1
8383 2
8384 2
8385 4
8386 4
8387 1
8388 5
8389 6
8390 5
8391 4
8392 5
8393 6
8394 4
8395 5
8396 4
8397 5
8398 5
8399 4
8400 4
8401 5
8402 3
8403 4
8404 3
8405 4
8406 3
8407 3
8408 3
8409 2
8410 4
8411 4
8412 6
8413 6
8414 3
8415 7
8416 4
8417 4
8418 2
8419 4
8420 5
8421 4
8422 2
8423 1
8424 5
8425 4
8426 2
8427 3
8428 5
8429 5
8430 5
8431 6
8432 3
8433 4
8434 8
8435 3
8436 4
8437 1
8438 4
8439 4
8440 3
8441 2
8442 2
8443 3
8444 2
8445 4
8446 6
8447 4
8448 5
8449 3
8450 5
8451 4
8452 5
8453 3
8454 3
8455 5
8456 4
8457 4
8458 3
8459 4
8460 3
8461 4
8462 6
8463 5
8464 2
8465 5
8466 4
8467 6
8468 3
8469 4
8470 4
8471 6
8472 4
8473 4
8474 3
8475 7
8476 3
8477 5
8478 3
8479 7
8480 5
8481 4
8482 5
8483 1
8484 6
8485 3
8486 5
8487 7
8488 5
8489 4
8490 4
8491 5
8492 5
8493 4
8494 6
8495 5
8496 6
8497 3
8498 4
8499 3
8500 3
8501 4
8502 9
8503 4
8504 3
8505 4
8506 5
8507 6
8508 4
8509 3
8510 5
8511 2
8512 6
8513 7
8514 3
8515 4
8516 3
8517 4
8518 4
8519 2
8520 2
8521 3
8522 4
8523 3
8524 5
8525 3
8526 5
8527 3
8528 5
8529 4
8530 5
8531 5
8532 4
8533 3
8534 3
8535 5
8536 4
8537 2
8538 4
8539 3
8540 4
8541 5
8542 3
8543 7
8544 5
8545 5
8546 2
8547 4
8548 2
8549 3
8550 4
8551 7
8552 3
8553 4
8554 2
8555 5
8556 6
8557 6
8558 6
8559 1
8560 5
8561 3
8562 5
8563 5
8564 5
8565 10
8566 4
8567 3
8568 6
8569 4
8570 3
8571 2
8572 4
8573 6
8574 6
8575 4
8576 3
8577 3
8578 7
8579 7
8580 4
8581 6
8582 2
8583 4
8584 4
8585 4
8586 5
8587 3
8588 6
8589 7
8590 2
8591 5
8592 6
8593 3
8594 2
8595 2
8596 5
8597 5
8598 4
8599 4
8600 3
8601 5
8602 2
8603 3
8604 4
8605 4
8606 3
8607 3
8608 6
8609 4
8610 3
8611 5
8612 5
8613 5
8614 5
8615 5
8616 5
8617 6
8618 2
8619 4
8620 6
8621 6
8622 2
8623 8
8624 5
8625 5
8626 7
8627 5
8628 6
8629 9
8630 4
8631 3
8632 5
8633 5
8634 4
8635 5
8636 2
8637 6
8638 4
8639 5
8640 3
8641 4
8642 6
8643 2
8644 5
8645 5
8646 6
8647 3
8648 4
8649 5
8650 2
8651 5
8652 4
8653 7
8654 5
8655 3
8656 3
8657 5
8658 3
8659 4
8660 3
8661 6
8662 2
8663 4
8664 6
8665 5
8666 3
8667 4
8668 7
8669 3
8670 7
8671 4
8672 3
8673 3
8674 3
8675 4
8676 4
8677 3
8678 3
8679 5
8680 3
8681 5
8682 6
8683 2
8684 4
8685 5
8686 3
8687 6
8688 5
8689 7
8690 5
8691 4
8692 4
8693 6
8694 6
8695 6
8696 6
8697 4
8698 3
8699 5
8700 4
8701 4
8702 6
8703 5
8704 7
8705 4
8706 5
8707 4
8708 5
8709 6
8710 5
8711 6
8712 4
8713 5
8714 0
8715 6
8716 6
8717 4
8718 5
8719 3
8720 4
8721 5
8722 5
8723 3
8724 7
8725 5
8726 5
8727 5
8728 7
8729 4
8730 3
8731 5
8732 3
8733 3
8734 3
8735 6
8736 5
8737 3
8738 6
8739 2
8740 4
8741 4
8742 3
8743 5
8744 5
8745 5
8746 4
8747 8
8748 5
8749 8
8750 6
8751 4
8752 3
8753 8
8754 4
8755 3
8756 5
8757 6
8758 6
8759 5
8760 3
8761 6
8762 4
8763 4
8764 4
8765 4
8766 4
8767 4
8768 6
8769 5
8770 5
8771 5
8772 3
8773 6
8774 6
8775 7
8776 5
8777 2
8778 5
8779 4
8780 5
8781 3
8782 6
8783 4
8784 4
8785 4
8786 7
8787 3
8788 5
8789 3
8790 5
8791 5
8792 5
8793 5
8794 2
8795 2
8796 6
8797 2
8798 5
8799 3
8800 6
8801 1
8802 5
8803 6
8804 5
8805 5
8806 4
8807 3
8808 8
8809 5
8810 4
8811 7
8812 1
8813 1
8814 6
8815 6
8816 6
8817 6
8818 9
8819 6
8820 5
8821 6
8822 7
8823 5
8824 6
8825 5
8826 5
8827 3
8828 6
8829 3
8830 5
8831 6
8832 6
8833 6
8834 7
8835 7
8836 5
8837 3
8838 6
8839 4
8840 2
8841 4
8842 5
8843 5
8844 5
8845 5
8846 5
8847 5
8848 5
8849 5
8850 4
8851 5
8852 2
8853 3
8854 4
8855 0
8856 6
8857 4
8858 4
8859 6
8860 4
8861 5
8862 6
8863 3
8864 1
8865 7
8866 2
8867 1
8868 1
8869 5
8870 1
8871 6
8872 1
8873 5
8874 4
8875 5
8876 3
8877 6
8878 6
8879 3
8880 3
8881 6
8882 5
8883 6
8884 7
8885 5
8886 4
8887 2
8888 5
8889 6
8890 6
8891 3
8892 4
8893 3
8894 4
8895 5
8896 5
8897 3
8898 7
8899 2
8900 6
8901 6
8902 4
8903 5
8904 9
8905 8
8906 6
8907 2
8908 5
8909 7
8910 4
8911 4
8912 5
8913 6
8914 4
8915 4
8916 3
8917 1
8918 3
8919 7
8920 6
8921 2
8922 4
8923 5
8924 2
8925 2
8926 8
8927 4
8928 4
8929 7
8930 3
8931 7
8932 5
8933 3
8934 3
8935 2
8936 6
8937 4
8938 4
8939 4
8940 5
8941 4
8942 4
8943 5
8944 4
8945 3
8946 4
8947 4
8948 8
8949 7
8950 4
8951 3
8952 5
8953 4
8954 7
8955 3
8956 4
8957 4
8958 5
8959 5
8960 5
8961 2
8962 3
8963 5
8964 1
8965 6
8966 5
8967 5
8968 5
8969 5
8970 2
8971 4
8972 4
8973 2
8974 2
8975 7
8976 6
8977 5
8978 1
8979 2
8980 5
8981 5
8982 4
8983 4
8984 4
8985 5
8986 4
8987 3
8988 5
8989 5
8990 5
8991 5
8992 4
8993 2
8994 5
8995 5
8996 0
8997 5
8998 6
8999 1
9000 5
9001 4
9002 4
9003 4
9004 6
9005 1
9006 7
9007 3
9008 5
9009 5
9010 4
9011 7
9012 3
9013 8
9014 7
9015 3
9016 6
9017 4
9018 1
9019 2
9020 5
9021 5
9022 6
9023 5
9024 6
9025 4
9026 6
9027 5
9028 5
9029 5
9030 5
9031 1
9032 4
9033 4
9034 6
9035 2
9036 5
9037 6
9038 6
9039 6
9040 5
9041 7
9042 3
9043 3
9044 4
9045 1
9046 2
9047 2
9048 6
9049 6
9050 6
9051 6
9052 3
9053 6
9054 4
9055 5
9056 5
9057 0
9058 4
9059 3
9060 6
9061 7
9062 6
9063 4
9064 5
9065 4
9066 8
9067 7
9068 3
9069 4
9070 5
9071 5
9072 5
9073 5
9074 3
9075 5
9076 2
9077 7
9078 5
9079 3
9080 3
9081 5
9082 5
9083 6
9084 6
9085 4
9086 4
9087 1
9088 3
9089 2
9090 6
9091 3
9092 2
9093 6
9094 2
9095 7
9096 7
9097 6
9098 5
9099 2
9100 3
9101 4
9102 3
9103 6
9104 6
9105 5
9106 5
9107 6
9108 4
9109 2
9110 3
9111 5
9112 5
9113 4
9114 6
9115 4
9116 7
9117 7
9118 5
9119 3
9120 6
9121 12
9122 4
9123 5
9124 2
9125 3
9126 4
9127 2
9128 5
9129 6
9130 5
9131 0
9132 7
9133 4
9134 4
9135 4
9136 3
9137 2
9138 7
9139 5
9140 3
9141 4
9142 3
9143 5
9144 5
9145 6
9146 5
9147 4
9148 4
9149 1
9150 1
9151 3
9152 7
9153 5
9154 4
9155 5
9156 7
9157 7
9158 6
9159 3
9160 4
9161 5
9162 5
9163 4
9164 3
9165 4
9166 1
9167 4
9168 3
9169 4
9170 5
9171 3
9172 4
9173 2
9174 5
9175 6
9176 7
9177 5
9178 4
9179 6
9180 4
9181 5
9182 4
9183 2
9184 2
9185 5
9186 4
9187 4
9188 2
9189 4
9190 3
9191 6
9192 6
9193 3
9194 4
9195 3
9196 1
9197 4
9198 5
9199 3
9200 4
9201 6
9202 4
9203 6
9204 4
9205 5
9206 3
9207 4
9208 1
9209 7
9210 6
9211 3
9212 4
9213 4
9214 2
9215 2
9216 4
9217 5
9218 5
9219 5
9220 7
9221 7
9222 8
9223 4
9224 2
9225 8
9226 6
9227 5
9228 4
9229 6
9230 4
9231 5
9232 2
9233 5
9234 6
9235 5
9236 4
9237 3
9238 2
9239 4
9240 1
9241 3
9242 6
9243 6
9244 5
9245 5
9246 6
9247 4
9248 2
9249 4
9250 4
9251 1
9252 4
9253 3
9254 2
9255 5
9256 6
9257 5
9258 8
9259 5
9260 5
9261 3
9262 7
9263 5
9264 6
9265 4
9266 3
9267 4
9268 5
9269 4
9270 2
9271 5
9272 6
9273 6
9274 5
9275 3
9276 4
9277 2
9278 3
9279 3
9280 2
9281 4
9282 3
9283 5
9284 5
9285 6
9286 4
9287 6
9288 6
9289 1
9290 5
9291 6
9292 5
9293 3
9294 4
9295 4
9296 6
9297 0
9298 9
9299 3
9300 3
9301 4
9302 3
9303 5
9304 4
9305 5
9306 2
9307 2
9308 3
9309 4
9310 6
9311 5
9312 4
9313 5
9314 2
9315 5
9316 6
9317 3
9318 4
9319 4
9320 5
9321 4
9322 4
9323 5
9324 6
9325 1
9326 4
9327 4
9328 2
9329 5
9330 6
9331 3
9332 3
9333 6
9334 2
9335 2
9336 7
9337 6
9338 4
9339 6
9340 5
9341 3
9342 3
9343 4
9344 6
9345 5
9346 5
9347 5
9348 1
9349 2
9350 5
9351 2
9352 3
9353 3
9354 5
9355 3
9356 3
9357 5
9358 3
9359 4
9360 6
9361 3
9362 5
9363 5
9364 6
9365 5
9366 3
9367 4
9368 5
9369 3
9370 5
9371 5
9372 2
9373 2
9374 4
9375 4
9376 8
9377 5
9378 3
9379 5
9380 4
9381 6
9382 3
9383 3
9384 3
9385 6
9386 2
9387 3
9388 6
9389 2
9390 3
9391 2
9392 8
9393 5
9394 6
9395 5
9396 3
9397 5
9398 4
9399 3
9400 4
9401 4
9402 4
9403 3
9404 3
9405 3
9406 5
9407 1
9408 4
9409 4
9410 7
9411 5
9412 6
9413 3
9414 2
9415 5
9416 5
9417 4
9418 6
9419 6
9420 3
9421 4
9422 3
9423 6
9424 5
9425 4
9426 5
9427 4
9428 6
9429 5
9430 4
9431 4
9432 3
9433 5
9434 6
9435 4
9436 3
9437 3
9438 3
9439 3
9440 4
9441 4
9442 5
9443 5
9444 2
9445 6
9446 3
9447 5
9448 4
9449 4
9450 5
9451 7
9452 7
9453 6
9454 4
9455 7
9456 5
9457 4
9458 3
9459 4
9460 5
9461 4
9462 3
9463 5
9464 7
9465 3
9466 4
9467 2
9468 5
9469 4
9470 3
9471 3
9472 4
9473 3
9474 3
9475 9
9476 9
9477 2
9478 3
9479 6
9480 6
9481 5
9482 2
9483 4
9484 5
9485 4
9486 4
9487 6
9488 5
9489 6
9490 3
9491 6
9492 3
9493 2
9494 6
9495 3
9496 4
9497 3
9498 3
9499 4
9500 2
9501 6
9502 3
9503 2
9504 3
9505 5
9506 5
9507 2
9508 4
9509 2
9510 5
9511 5
9512 7
9513 3
9514 4
9515 6
9516 6
9517 2
9518 7
9519 3
9520 3
9521 5
9522 4
9523 4
9524 5
9525 2
9526 3
9527 4
9528 1
9529 5
9530 5
9531 4
9532 4
9533 5
9534 5
9535 4
9536 4
9537 6
9538 2
9539 2
9540 4
9541 5
9542 3
9543 4
9544 5
9545 4
9546 3
9547 4
9548 1
9549 5
9550 3
9551 4
9552 5
9553 5
9554 6
9555 6
9556 5
9557 3
9558 4
9559 1
9560 7
9561 5
9562 5
9563 3
9564 4
9565 4
9566 7
9567 4
9568 5
9569 4
9570 2
9571 5
9572 4
9573 4
9574 4
9575 8
9576 6
9577 2
9578 4
9579 8
9580 4
9581 4
9582 4
9583 6
9584 7
9585 4
9586 7
9587 4
9588 1
9589 5
9590 5
9591 1
9592 4
9593 4
9594 4
9595 3
9596 3
9597 4
9598 4
9599 3
9600 5
9601 8
9602 5
9603 4
9604 5
9605 3
9606 4
9607 6
9608 3
9609 1
9610 2
9611 5
9612 4
9613 2
9614 4
9615 5
9616 5
9617 7
9618 7
9619 7
9620 4
9621 6
9622 4
9623 5
9624 4
9625 2
9626 6
9627 5
9628 3
9629 4
9630 3
9631 5
9632 3
9633 3
9634 6
9635 5
9636 7
9637 6
9638 7
9639 0
9640 2
9641 5
9642 5
9643 4
9644 4
9645 4
9646 4
9647 6
9648 1
9649 8
9650 4
9651 8
9652 4
9653 6
9654 3
9655 9
9656 5
9657 6
9658 5
9659 5
9660 4
9661 3
9662 4
9663 3
9664 6
9665 1
9666 3
9667 4
9668 4
9669 3
9670 3
9671 7
9672 5
9673 5
9674 3
9675 5
9676 5
9677 5
9678 5
9679 4
9680 2
9681 2
9682 4
9683 3
9684 3
9685 4
9686 5
9687 8
9688 8
9689 2
9690 3
9691 4
9692 6
9693 2
9694 7
9695 6
9696 3
9697 4
9698 4
9699 4
9700 4
9701 3
9702 4
9703 3
9704 5
9705 4
9706 1
9707 2
9708 3
9709 6
9710 6
9711 3
9712 2
9713 5
9714 4
9715 7
9716 1
9717 4
9718 4
9719 6
9720 5
9721 4
9722 2
9723 6
9724 4
9725 2
9726 5
9727 5
9728 3
9729 3
9730 5
9731 6
9732 7
9733 4
9734 3
9735 4
9736 4
9737 5
9738 2
9739 5
9740 4
9741 2
9742 6
9743 2
9744 6
9745 5
9746 4
9747 7
9748 4
9749 3
9750 3
9751 4
9752 6
9753 5
9754 2
9755 2
9756 3
9757 2
9758 5
9759 2
9760 6
9761 4
9762 3
9763 3
9764 3
9765 3
9766 5
9767 4
9768 5
9769 6
9770 6
9771 5
9772 6
9773 3
9774 2
9775 6
9776 5
9777 5
9778 6
9779 8
9780 5
9781 12
9782 7
9783 4
9784 5
9785 1
9786 5
9787 4
9788 6
9789 4
9790 7
9791 2
9792 3
9793 3
9794 2
9795 2
9796 1
9797 6
9798 3
9799 3
9800 4
9801 4
9802 4
9803 5
9804 4
9805 3
9806 5
9807 3
9808 4
9809 1
9810 7
9811 5
9812 4
9813 4
9814 3
9815 4
9816 4
9817 2
9818 2
9819 5
9820 5
9821 3
9822 4
9823 4
9824 3
9825 4
9826 3
9827 4
9828 4
9829 4
9830 4
9831 4
9832 6
9833 4
9834 1
9835 3
9836 3
9837 3
9838 3
9839 6
9840 4
9841 3
9842 4
9843 8
9844 4
9845 4
9846 4
9847 3
9848 4
9849 5
9850 3
9851 4
9852 3
9853 4
9854 5
9855 4
9856 6
9857 4
9858 2
9859 7
9860 6
9861 5
9862 5
9863 6
9864 6
9865 6
9866 3
9867 6
9868 5
9869 9
9870 4
9871 6
9872 4
9873 7
9874 8
9875 4
9876 4
9877 5
9878 1
9879 5
9880 5
9881 6
9882 3
9883 4
9884 4
9885 3
9886 5
9887 6
9888 4
9889 4
9890 5
9891 4
9892 6
9893 4
9894 4
9895 4
9896 4
9897 6
9898 6
9899 4
9900 6
9901 6
9902 3
9903 1
9904 5
9905 5
9906 5
9907 3
9908 4
9909 4
9910 2
9911 6
9912 5
9913 5
9914 5
9915 3
9916 5
9917 4
9918 5
9919 4
9920 2
9921 3
9922 3
9923 5
9924 4
9925 5
9926 5
9927 5
9928 5
9929 2
9930 5
9931 4
9932 6
9933 6
9934 5
9935 5
9936 4
9937 4
9938 3
9939 4
9940 4
9941 4
9942 3
9943 3
9944 6
9945 4
9946 5
9947 4
9948 4
9949 5
9950 4
9951 5
9952 3
9953 7
9954 5
9955 3
9956 4
9957 1
9958 6
9959 6
9960 3
9961 6
9962 4
9963 4
9964 4
9965 4
9966 3
9967 4
9968 6
9969 6
9970 4
9971 3
9972 5
9973 4
9974 3
9975 5
9976 5
9977 4
9978 7
9979 6
9980 4
9981 4
9982 3
9983 4
9984 8
9985 3
9986 5
9987 4
9988 4
9989 5
9990 6
9991 4
9992 6
9993 5
9994 3
9995 6
9996 4
9997 2
9998 3
9999 3
10000 4
10001 6
10002 5
10003 3
10004 5
10005 5
10006 6
10007 1
10008 5
10009 5
10010 5
10011 2
10012 5
10013 4
10014 5
10015 4
10016 2
10017 5
10018 6
10019 5
10020 4
10021 5
10022 2
10023 4
10024 4
10025 4
10026 5
10027 5
10028 5
10029 4
10030 4
10031 5
10032 5
10033 4
10034 3
10035 3
10036 6
10037 6
10038 6
10039 5
10040 3
10041 5
10042 4
10043 6
10044 4
10045 7
10046 2
10047 5
10048 7
10049 6
10050 3
10051 8
10052 6
10053 4
10054 2
10055 6
10056 2
10057 4
10058 4
10059 4
10060 8
10061 4
10062 5
10063 6
10064 6
10065 6
10066 4
10067 7
10068 6
10069 4
10070 2
10071 5
10072 3
10073 3
10074 6
10075 7
10076 6
10077 5
10078 2
10079 6
10080 4
10081 1
10082 6
10083 4
10084 3
10085 4
10086 2
10087 5
10088 1
10089 6
10090 11
10091 2
10092 5
10093 4
10094 6
10095 3
10096 5
10097 5
10098 5
10099 6
10100 5
10101 3
10102 5
10103 5
10104 6
10105 5
10106 9
10107 6
10108 4
10109 4
10110 1
10111 6
10112 5
10113 6
10114 3
10115 6
10116 2
10117 6
10118 8
10119 5
10120 5
10121 3
10122 3
10123 6
10124 5
10125 7
10126 3
10127 2
10128 6
10129 7
10130 6
10131 5
10132 6
10133 8
10134 6
10135 3
10136 2
10137 5
10138 3
10139 3
10140 3
10141 3
10142 4
10143 4
10144 3
10145 4
10146 5
10147 2
10148 4
10149 4
10150 3
10151 2
10152 4
10153 4
10154 4
10155 2
10156 5
10157 7
10158 5
10159 6
10160 4
10161 5
10162 5
10163 4
10164 5
10165 6
10166 3
10167 7
10168 3
10169 4
10170 3
10171 5
10172 3
10173 4
10174 3
10175 3
10176 3
10177 2
10178 5
10179 6
10180 3
10181 4
10182 3
10183 5
10184 2
10185 6
10186 3
10187 4
10188 2
10189 3
10190 2
10191 6
10192 6
10193 6
10194 7
10195 6
10196 4
10197 4
10198 5
10199 4
10200 4
10201 5
10202 5
10203 5
10204 5
10205 5
10206 5
10207 6
10208 4
10209 7
10210 5
10211 3
10212 5
10213 2
10214 6
10215 4
10216 4
10217 4
10218 7
10219 5
10220 4
10221 4
10222 4
10223 2
10224 4
10225 4
10226 4
10227 6
10228 7
10229 5
10230 7
10231 3
10232 6
10233 4
10234 5
10235 1
10236 4
10237 3
10238 5
10239 3
10240 4
10241 4
10242 4
10243 2
10244 3
10245 2
10246 5
10247 4
10248 3
10249 4
10250 5
10251 4
10252 6
10253 3
10254 3
10255 5
10256 5
10257 3
10258 4
10259 4
10260 4
10261 6
10262 4
10263 4
10264 2
10265 5
10266 1
10267 3
10268 1
10269 4
10270 1
10271 6
10272 5
10273 4
10274 8
10275 5
10276 8
10277 5
10278 4
10279 4
10280 5
10281 3
10282 2
10283 3
10284 4
10285 4
10286 5
10287 3
10288 5
10289 4
10290 4
10291 4
10292 5
10293 6
10294 6
10295 5
10296 4
10297 4
10298 7
10299 5
10300 5
10301 1
10302 5
10303 2
10304 4
10305 4
10306 4
10307 2
10308 3
10309 2
10310 3
10311 5
10312 5
10313 5
10314 8
10315 5
10316 4
10317 3
10318 5
10319 5
10320 3
10321 5
10322 4
10323 6
10324 5
10325 6
10326 3
10327 3
10328 3
10329 5
10330 4
10331 4
10332 6
10333 4
10334 5
10335 5
10336 3
10337 5
10338 3
10339 2
10340 7
10341 4
10342 7
10343 6
10344 3
10345 7
10346 2
10347 8
10348 7
10349 2
10350 2
10351 5
10352 4
10353 1
10354 1
10355 3
10356 5
10357 3
10358 1
10359 3
10360 4
10361 7
10362 3
10363 5
10364 7
10365 2
10366 4
10367 4
10368 3
10369 6
10370 4
10371 7
10372 3
10373 5
10374 4
10375 3
10376 4
10377 5
10378 3
10379 3
10380 6
10381 4
10382 3
10383 6
10384 5
10385 7
10386 7
10387 2
10388 4
10389 5
10390 2
10391 3
10392 4
10393 2
10394 5
10395 7
10396 5
10397 2
10398 4
10399 5
10400 7
10401 5
10402 4
10403 6
10404 2
10405 3
10406 5
10407 4
10408 6
10409 4
10410 4
10411 4
10412 5
10413 6
10414 5
10415 4
10416 6
10417 3
10418 4
10419 4
10420 3
10421 7
10422 3
10423 3
10424 5
10425 3
10426 3
10427 3
10428 4
10429 3
10430 7
10431 5
10432 5
10433 8
10434 4
10435 4
10436 5
10437 4
10438 6
10439 7
10440 5
10441 4
10442 6
10443 3
10444 5
10445 9
10446 2
10447 1
10448 3
10449 4
10450 6
10451 2
10452 2
10453 3
10454 5
10455 5
10456 5
10457 3
10458 5
10459 5
10460 5
10461 6
10462 3
10463 3
10464 3
10465 6
10466 4
10467 6
10468 6
10469 5
10470 5
10471 6
10472 4
10473 3
10474 5
10475 4
10476 6
10477 6
10478 6
10479 4
10480 5
10481 4
10482 3
10483 6
10484 7
10485 4
10486 3
10487 3
10488 2
10489 8
10490 4
10491 6
10492 4
10493 2
10494 3
10495 5
10496 5
10497 3
10498 3
10499 5
10500 2
10501 5
10502 2
10503 3
10504 3
10505 3
10506 3
10507 7
10508 3
10509 5
10510 4
10511 4
10512 6
10513 5
10514 2
10515 2
10516 4
10517 3
10518 3
10519 3
10520 1
10521 4
10522 1
10523 7
10524 7
10525 5
10526 6
10527 6
10528 7
10529 6
10530 5
10531 2
10532 4
10533 5
10534 4
10535 3
10536 5
10537 1
10538 5
10539 3
10540 5
10541 3
10542 5
10543 1
10544 3
10545 3
10546 4
10547 3
10548 3
10549 5
10550 5
10551 7
10552 3
10553 4
10554 6
10555 7
10556 3
10557 4
10558 2
10559 5
10560 8
10561 3
10562 6
10563 6
10564 6
10565 4
10566 5
10567 8
10568 5
10569 3
10570 7
10571 4
10572 2
10573 5
10574 2
10575 5
10576 5
10577 4
10578 2
10579 5
10580 4
10581 4
10582 6
10583 4
10584 4
10585 1
10586 5
10587 4
10588 5
10589 6
10590 4
10591 6
10592 3
10593 4
10594 4
10595 3
10596 5
10597 5
10598 5
10599 4
10600 3
10601 5
10602 2
10603 4
10604 7
10605 3
10606 2
10607 4
10608 4
10609 3
10610 3
10611 3
10612 7
10613 4
10614 4
10615 4
10616 4
10617 4
10618 5
10619 2
10620 5
10621 4
10622 5
10623 1
10624 4
10625 4
10626 3
10627 4
10628 5
10629 4
10630 8
10631 7
10632 6
10633 6
10634 5
10635 6
10636 3
10637 4
10638 6
10639 5
10640 3
10641 1
10642 7
10643 6
10644 4
10645 7
10646 3
10647 7
10648 1
10649 2
10650 3
10651 4
10652 4
10653 4
10654 2
10655 6
10656 8
10657 2
10658 5
10659 2
10660 7
10661 2
10662 2
10663 8
10664 6
10665 7
10666 6
10667 6
10668 3
10669 5
10670 4
10671 3
10672 3
10673 7
10674 5
10675 4
10676 5
10677 6
10678 3
10679 3
10680 5
10681 3
10682 4
10683 4
10684 5
10685 4
10686 4
10687 4
10688 4
10689 6
10690 3
10691 3
10692 5
10693 5
10694 4
10695 4
10696 5
10697 4
10698 6
10699 6
10700 5
10701 5
10702 6
10703 6
10704 5
10705 6
10706 4
10707 2
10708 5
10709 5
10710 3
10711 7
10712 4
10713 2
10714 4
10715 3
10716 4
10717 7
10718 5
10719 6
10720 5
10721 4
10722 6
10723 4
10724 4
10725 8
10726 5
10727 5
10728 3
10729 2
10730 6
10731 5
10732 5
10733 4
10734 2
10735 6
